Bi-ventricle LONG (idealized) multipatch geometry data

Control points
[0.022376784454076277, -0.016973589317176612, 0.024]
[0.028684934285840763, -0.021758546012600393, -0.0025770911505702]
[0.02134436021607324, -0.01619045870013345, -0.027927963505144184]
[0.03525185984582474, -3.629262516641598e-17, 0.024000000000000007]
[0.04784383743724333, -2.597399022306468e-18, -0.010422662809309409]
[0.029035069963344887, 3.010164378263791e-17, -0.03799084939050869]
[0.022376784454076277, 0.016973589317176612, 0.024]
[0.028684934285840763, 0.021758546012600393, -0.0025770911505702]
[0.02134436021607324, 0.01619045870013345, -0.027927963505144184]
[0.016739722385738752, -0.012697676631877207, 0.024]
[0.021977003155860705, -0.016670340939979024, -0.0013269413523424327]
[0.016213825262812342, -0.012298764902358733, -0.026019770788908644]
[0.026371364514766092, -1.418137716965019e-17, 0.024]
[0.03679352963086256, 7.742512341596161e-18, -0.00866795826184929]
[0.022055922319222064, 2.2866124234896483e-17, -0.03539510473203343]
[0.016739722385738752, 0.012697676631877207, 0.024]
[0.021977003155860705, 0.016670340939979024, -0.0013269413523424327]
[0.016213825262812342, 0.012298764902358733, -0.026019770788908644]
[0.011102660317401229, -0.008421763946577801, 0.024000000000000004]
[0.015269072025880648, -0.011582135867357655, -7.679155411466515e-05]
[0.011083290309551446, -0.008407071104584015, -0.02411157807267311]
[0.017490869183707444, 7.929870827115597e-18, 0.023999999999999994]
[0.025743221824481795, 1.8082423705498788e-17, -0.006913253714389171]
[0.015076774675099238, 1.5630604687155058e-17, -0.032799360073558166]
[0.011102660317401229, 0.008421763946577801, 0.024000000000000004]
[0.015269072025880648, 0.011582135867357655, -7.679155411466515e-05]
[0.011083290309551446, 0.008407071104584015, -0.02411157807267311]
[0.022376784454076277, 0.016973589317176612, 0.024]
[0.028684934285840763, 0.021758546012600393, -0.0025770911505702]
[0.02134436021607324, 0.01619045870013345, -0.027927963505144184]
[0.009501712044344692, 0.033947180895976446, 0.023999999999999997]
[0.007787755981669788, 0.04417768993130848, -0.008991855332039795]
[0.007560444479997245, 0.029074992893888183, -0.036719829910963966]
[-0.010314001764390124, 0.02612364033622648, 0.024000000000000004]
[-0.00701116367378385, 0.03520042312523905, -0.000697995864012994]
[-0.010442232458194051, 0.025735553444686317, -0.025021870065628952]
[0.016739722385738752, 0.012697676631877207, 0.024]
[0.021977003155860705, 0.016670340939979024, -0.0013269413523424327]
[0.016213825262812342, 0.012298764902358733, -0.026019770788908644]
[0.007108082039709999, 0.02539535461602368, 0.023999999999999994]
[0.007421393634739709, 0.03456716509651851, -0.008234049369160765]
[0.005795435048344258, 0.021711033536981627, -0.03505770971386225]
[-0.007715743366802589, 0.019542686655037108, 0.024000000000000004]
[-0.0070918812462698435, 0.026560863137593097, -0.0007058021314612159]
[-0.00779786825159853, 0.019218347795557887, -0.025021870065628955]
[0.011102660317401229, 0.008421763946577801, 0.024000000000000004]
[0.015269072025880648, 0.011582135867357655, -7.679155411466515e-05]
[0.011083290309551446, 0.008407071104584015, -0.02411157807267311]
[0.0047144520350753056, 0.016843528336070914, 0.02399999999999999]
[0.007055031287809628, 0.024956640261728547, -0.007476243406281735]
[0.004030425616691272, 0.014347074180075072, -0.03339558951676054]
[-0.005117484969215055, 0.012961732973847735, 0.024000000000000004]
[-0.007172598818755837, 0.017921303149947145, -0.0007136083989094377]
[-0.005153504045003009, 0.012701142146429456, -0.02502187006562896]
[-0.010314001764390124, 0.02612364033622648, 0.024000000000000004]
[-0.007011163673783849, 0.03520042312523905, -0.000697995864012994]
[-0.010442232458194051, 0.025735553444686317, -0.025021870065628952]
[-0.01480858417124257, 0.024349112351708856, 0.024000000000000004]
[-0.013003448737495916, 0.032819247603158755, 0.0023130300294558295]
[-0.014724604830701796, 0.02554840180447786, -0.02044783443897732]
[-0.018451664444395464, 0.021174496358680975, 0.024000000000000004]
[-0.017939725568501298, 0.028760268707710375, 0.0058294182140266855]
[-0.018262475667819477, 0.024069478698149075, -0.014839920870590956]
[-0.007715743366802589, 0.019542686655037108, 0.024000000000000004]
[-0.007091881246269843, 0.026560863137593097, -0.0007058021314612159]
[-0.00779786825159853, 0.019218347795557887, -0.025021870065628955]
[-0.011078070151770768, 0.01821519003075261, 0.023999999999999997]
[-0.012240056344526417, 0.024213117528873722, 0.0019558062691011646]
[-0.01227683196561177, 0.018582374440259924, -0.02110008877546167]
[-0.013803401511414213, 0.015840309470272713, 0.024000000000000004]
[-0.015802562150454474, 0.02030607733528557, 0.005757855064968996]
[-0.015560501782845678, 0.016327812415820448, -0.014839920870590953]
[-0.005117484969215055, 0.012961732973847735, 0.024000000000000004]
[-0.007172598818755837, 0.017921303149947145, -0.0007136083989094377]
[-0.005153504045003009, 0.012701142146429456, -0.02502187006562896]
[-0.007347556132298967, 0.012081267709796369, 0.02399999999999999]
[-0.011476663951556918, 0.015606987454588689, 0.0015985825087464994]
[-0.009829059100521741, 0.011616347076041984, -0.021752343111946022]
[-0.009155138578432961, 0.010506122581864452, 0.024000000000000004]
[-0.013665398732407649, 0.011851885962860761, 0.005686291915911307]
[-0.012858527897871877, 0.008586146133491823, -0.01483992087059095]
[-0.018451664444395464, 0.021174496358680975, 0.024000000000000004]
[-0.017939725568501295, 0.02876026870771037, 0.005829418214026684]
[-0.018262475667819477, 0.024069478698149075, -0.014839920870590956]
[-0.0230424024517849, 0.017174082094765973, 0.024]
[-0.027416579020300733, 0.021720900646190023, 0.010157432813431773]
[-0.027876139213542036, 0.017516212084863356, -0.011392530406985131]
[-0.025564199630901625, 0.01163163419489157, 0.024]
[-0.030773970614444538, 0.010008311573898322, 0.010339196132477583]
[-0.030601351771594343, 0.006634527984782887, -0.005129940652943213]
[-0.013803401511414213, 0.015840309470272713, 0.024000000000000004]
[-0.015802562150454474, 0.02030607733528557, 0.005757855064968995]
[-0.015560501782845678, 0.016327812415820448, -0.014839920870590953]
[-0.017237660796838906, 0.012847662142265431, 0.023999999999999994]
[-0.0214331868634874, 0.015283262580518068, 0.009725678950487919]
[-0.021473197715399052, 0.011911531683471022, -0.01074670919230468]
[-0.019124177815322472, 0.00870144357490476, 0.024]
[-0.02341520552662442, 0.0075935690290666645, 0.01066828750279282]
[-0.023245717623189735, 0.005039789263184496, -0.004779434774243402]
[-0.009155138578432961, 0.010506122581864452, 0.024000000000000004]
[-0.01366539873240765, 0.011851885962860763, 0.0056862919159113064]
[-0.012858527897871877, 0.008586146133491823, -0.01483992087059095]
[-0.01143291914189291, 0.008521242189764888, 0.023999999999999983]
[-0.015449794706674066, 0.008845624514846114, 0.009293925087544067]
[-0.015070256217256068, 0.006306851282078689, -0.01010088797762423]
[-0.01268415599974332, 0.005771252954917952, 0.024000000000000004]
[-0.016056440438804297, 0.005178826484235007, 0.010997378873108058]
[-0.01589008347478513, 0.003445050541586106, -0.004428928895543591]
[-0.025564199630901625, -0.01163163419489157, 0.024]
[-0.030773970614444535, -0.010008311573898322, 0.010339196132477581]
[-0.030601351771594343, -0.006634527984782887, -0.005129940652943213]
[-0.030856558319895783, -3.225946197640104e-17, 0.024]
[-0.03370861487919267, -1.8689791060097042e-17, 0.00999000791021888]
[-0.032025795251285384, -2.606023558354168e-18, -0.005368731101444576]
[-0.025564199630901625, 0.01163163419489157, 0.024]
[-0.030773970614444535, 0.010008311573898322, 0.010339196132477581]
[-0.030601351771594343, 0.006634527984782887, -0.005129940652943213]
[-0.019124177815322472, -0.008701443574904759, 0.024]
[-0.023415205526624423, -0.0075935690290666645, 0.010668287502792827]
[-0.023245717623189735, -0.005039789263184494, -0.004779434774243402]
[-0.023083308556440873, -2.036957751337867e-17, 0.023999999999999994]
[-0.02563986386609219, -3.058309452759022e-17, 0.010323180789802704]
[-0.02432776821841306, -1.827306956386277e-18, -0.005001909740434251]
[-0.019124177815322472, 0.00870144357490476, 0.024]
[-0.023415205526624416, 0.007593569029066664, 0.01066828750279282]
[-0.023245717623189735, 0.005039789263184496, -0.004779434774243402]
[-0.01268415599974332, -0.0057712529549179496, 0.024000000000000004]
[-0.01605644043880431, -0.005178826484235007, 0.010997378873108072]
[-0.01589008347478513, -0.003445050541586102, -0.004428928895543591]
[-0.015310058792985965, -8.4796930503563e-18, 0.023999999999999983]
[-0.017571112852991715, -4.2476397995083407e-17, 0.010656353669386526]
[-0.01662974118554074, -1.0485903544183866e-18, -0.004635088379423926]
[-0.01268415599974332, 0.005771252954917952, 0.024000000000000004]
[-0.016056440438804297, 0.005178826484235006, 0.010997378873108058]
[-0.01589008347478513, 0.003445050541586106, -0.004428928895543591]
[-0.018451664444395464, -0.021174496358680975, 0.024000000000000004]
[-0.017939725568501295, -0.02876026870771037, 0.005829418214026684]
[-0.018262475667819477, -0.024069478698149075, -0.014839920870590956]
[-0.0230424024517849, -0.017174082094765973, 0.024]
[-0.027416579020300733, -0.021720900646190023, 0.010157432813431773]
[-0.027876139213542036, -0.017516212084863356, -0.011392530406985131]
[-0.025564199630901625, -0.01163163419489157, 0.024]
[-0.030773970614444538, -0.010008311573898322, 0.010339196132477583]
[-0.030601351771594343, -0.006634527984782887, -0.005129940652943213]
[-0.013803401511414215, -0.015840309470272713, 0.024000000000000004]
[-0.015802562150454467, -0.02030607733528556, 0.005757855064968986]
[-0.015560501782845678, -0.016327812415820448, -0.014839920870590953]
[-0.017237660796838923, -0.012847662142265414, 0.02399999999999999]
[-0.021433186863487413, -0.015283262580517928, 0.009725678950487444]
[-0.021473197715399066, -0.011911531683471036, -0.010746709192304707]
[-0.019124177815322472, -0.008701443574904759, 0.024]
[-0.023415205526624426, -0.0075935690290666645, 0.010668287502792827]
[-0.023245717623189735, -0.005039789263184494, -0.004779434774243402]
[-0.009155138578432965, -0.010506122581864449, 0.024000000000000004]
[-0.013665398732407644, -0.011851885962860747, 0.005686291915911288]
[-0.012858527897871877, -0.008586146133491823, -0.01483992087059095]
[-0.011432919141892947, -0.008521242189764857, 0.02399999999999998]
[-0.015449794706674094, -0.00884562451484583, 0.009293925087543117]
[-0.015070256217256097, -0.006306851282078716, -0.010100887977624281]
[-0.01268415599974332, -0.0057712529549179496, 0.024000000000000004]
[-0.01605644043880431, -0.005178826484235007, 0.010997378873108072]
[-0.01589008347478513, -0.003445050541586102, -0.004428928895543591]
[-0.010314001764390124, -0.02612364033622648, 0.024000000000000004]
[-0.007011163673783849, -0.03520042312523905, -0.000697995864012994]
[-0.010442232458194051, -0.025735553444686317, -0.025021870065628952]
[-0.01480858417124257, -0.024349112351708856, 0.024000000000000004]
[-0.013003448737495916, -0.032819247603158755, 0.0023130300294558295]
[-0.014724604830701796, -0.02554840180447786, -0.02044783443897732]
[-0.018451664444395464, -0.021174496358680975, 0.024000000000000004]
[-0.017939725568501298, -0.028760268707710375, 0.0058294182140266855]
[-0.018262475667819477, -0.024069478698149075, -0.014839920870590956]
[-0.00771574336680259, -0.019542686655037108, 0.024000000000000004]
[-0.007091881246269836, -0.02656086313759308, -0.0007058021314612106]
[-0.00779786825159853, -0.019218347795557887, -0.025021870065628955]
[-0.011078070151770768, -0.01821519003075262, 0.023999999999999994]
[-0.012240056344526455, -0.024213117528873777, 0.0019558062691010752]
[-0.012276831965611754, -0.01858237444025993, -0.021100088775461698]
[-0.013803401511414215, -0.015840309470272713, 0.024000000000000004]
[-0.01580256215045447, -0.020306077335285562, 0.005757855064968986]
[-0.015560501782845678, -0.016327812415820448, -0.014839920870590953]
[-0.005117484969215056, -0.012961732973847735, 0.024000000000000004]
[-0.0071725988187558215, -0.017921303149947113, -0.0007136083989094272]
[-0.005153504045003007, -0.012701142146429456, -0.02502187006562896]
[-0.007347556132298968, -0.012081267709796381, 0.023999999999999987]
[-0.011476663951556993, -0.015606987454588802, 0.0015985825087463208]
[-0.009829059100521712, -0.011616347076042005, -0.02175234311194607]
[-0.009155138578432965, -0.010506122581864449, 0.024000000000000004]
[-0.013665398732407642, -0.011851885962860747, 0.005686291915911286]
[-0.012858527897871877, -0.008586146133491823, -0.01483992087059095]
[0.022376784454076277, -0.016973589317176612, 0.024]
[0.028684934285840763, -0.021758546012600393, -0.0025770911505702]
[0.02134436021607324, -0.01619045870013345, -0.027927963505144184]
[0.009501712044344692, -0.033947180895976446, 0.023999999999999997]
[0.007787755981669788, -0.04417768993130848, -0.008991855332039795]
[0.007560444479997245, -0.029074992893888183, -0.036719829910963966]
[-0.010314001764390124, -0.02612364033622648, 0.024000000000000004]
[-0.00701116367378385, -0.03520042312523905, -0.000697995864012994]
[-0.010442232458194051, -0.025735553444686317, -0.025021870065628952]
[0.016739722385738752, -0.012697676631877207, 0.024]
[0.021977003155860705, -0.016670340939979024, -0.0013269413523424327]
[0.016213825262812342, -0.012298764902358733, -0.026019770788908644]
[0.007108082039716759, -0.025395354616047795, 0.023999999999999997]
[0.007421393634820661, -0.03456716509680065, -0.008234049369084359]
[0.005795435048344264, -0.021711033536981637, -0.03505770971386227]
[-0.00771574336680259, -0.019542686655037108, 0.024000000000000004]
[-0.007091881246269836, -0.02656086313759308, -0.0007058021314612106]
[-0.00779786825159853, -0.019218347795557887, -0.025021870065628955]
[0.011102660317401229, -0.008421763946577801, 0.024000000000000004]
[0.015269072025880648, -0.011582135867357655, -7.679155411466515e-05]
[0.011083290309551446, -0.008407071104584015, -0.02411157807267311]
[0.004714452035088826, -0.016843528336119143, 0.023999999999999997]
[0.0070550312879715344, -0.02495664026229281, -0.0074762434061289235]
[0.004030425616691285, -0.014347074180075088, -0.033395589516760575]
[-0.005117484969215056, -0.012961732973847735, 0.024000000000000004]
[-0.0071725988187558215, -0.017921303149947113, -0.0007136083989094272]
[-0.005153504045003007, -0.012701142146429456, -0.02502187006562896]
[-0.018262475667819477, -0.024069478698149075, -0.014839920870590956]
[-0.021223262608355036, 1.1345954313151886e-17, -0.12066031280338047]
[-0.018262475667819477, 0.024069478698149075, -0.014839920870590956]
[-0.027876139213542036, -0.017516212084863356, -0.011392530406985131]
[-0.034048381982644954, -8.981017696295835e-19, -0.06235476227482187]
[-0.027876139213542036, 0.017516212084863356, -0.011392530406985131]
[-0.030601351771594343, -0.006634527984782887, -0.005129940652943213]
[-0.032025795251285384, -2.606023558354168e-18, -0.005368731101444576]
[-0.030601351771594343, 0.006634527984782887, -0.005129940652943213]
[-0.015560501782845678, -0.016327812415820448, -0.014839920870590953]
[-0.01949527521589651, 6.596789469236564e-18, -0.07058269648555437]
[-0.015560501782845678, 0.016327812415820448, -0.014839920870590953]
[-0.021473197715399066, -0.011911531683471036, -0.010746709192304707]
[-0.025540842787956927, -2.148841639150255e-16, -0.03738606843008484]
[-0.021473197715399052, 0.011911531683471022, -0.01074670919230468]
[-0.023245717623189735, -0.005039789263184494, -0.004779434774243402]
[-0.02432776821841306, -1.827306956386277e-18, -0.005001909740434251]
[-0.023245717623189735, 0.005039789263184496, -0.004779434774243402]
[-0.012858527897871877, -0.008586146133491823, -0.01483992087059095]
[-0.017767287823437977, 1.847624625321242e-18, -0.0205050801677283]
[-0.012858527897871877, 0.008586146133491823, -0.01483992087059095]
[-0.015070256217256097, -0.006306851282078716, -0.010100887977624281]
[-0.0170333035932689, -4.2887022606042145e-16, -0.012417374585347814]
[-0.015070256217256068, 0.006306851282078689, -0.01010088797762423]
[-0.01589008347478513, -0.003445050541586102, -0.004428928895543591]
[-0.01662974118554074, -1.0485903544183866e-18, -0.004635088379423926]
[-0.01589008347478513, 0.003445050541586106, -0.004428928895543591]
[-0.010442232458194051, -0.025735553444686317, -0.025021870065628952]
[-0.02165896175323129, -3.806206701642592e-17, -0.09176188977326893]
[-0.010442232458194051, 0.025735553444686317, -0.025021870065628952]
[-0.014724604830701796, -0.02554840180447786, -0.02044783443897732]
[-0.022583481644469806, -1.4717976721901603e-17, -0.10741497011757094]
[-0.014724604830701796, 0.02554840180447786, -0.02044783443897732]
[-0.018262475667819477, -0.024069478698149075, -0.014839920870590956]
[-0.021223262608355033, 9.941507342463936e-18, -0.12066031280338045]
[-0.018262475667819477, 0.024069478698149075, -0.014839920870590956]
[-0.00779786825159853, -0.019218347795557887, -0.025021870065628955]
[-0.01734565098729767, -1.4811463388819297e-17, -0.07751898386190524]
[-0.00779786825159853, 0.019218347795557887, -0.025021870065628955]
[-0.012276831965611756, -0.01858237444025993, -0.021100088775461698]
[-0.020009922449797907, -3.642321569706434e-17, -0.07677413540455563]
[-0.01227683196561177, 0.018582374440259924, -0.02110008877546167]
[-0.015560501782845678, -0.016327812415820448, -0.014839920870590953]
[-0.019495275215896505, 5.894565983892589e-18, -0.07058269648555437]
[-0.015560501782845678, 0.016327812415820448, -0.014839920870590953]
[-0.005153504045003007, -0.012701142146429456, -0.02502187006562896]
[-0.013032340221364054, 8.439140238787321e-18, -0.06327607795054155]
[-0.005153504045003009, 0.012701142146429456, -0.02502187006562896]
[-0.009829059100521715, -0.011616347076042005, -0.021752343111946074]
[-0.017436363255126007, -5.812845467222708e-17, -0.04613330069154033]
[-0.009829059100521743, 0.011616347076041988, -0.021752343111946022]
[-0.012858527897871877, -0.008586146133491823, -0.01483992087059095]
[-0.017767287823437977, 1.847624625321242e-18, -0.0205050801677283]
[-0.012858527897871877, 0.008586146133491823, -0.01483992087059095]
[0.02134436021607324, -0.01619045870013345, -0.027927963505144184]
[0.029035069963344887, 3.010164378263791e-17, -0.03799084939050869]
[0.02134436021607324, 0.01619045870013345, -0.027927963505144184]
[0.0075604444799972454, -0.029074992893888187, -0.036719829910963966]
[0.011457009808290302, 0.0, -0.13959271801293024]
[0.0075604444799972454, 0.029074992893888187, -0.036719829910963966]
[-0.010442232458194051, -0.025735553444686317, -0.025021870065628952]
[-0.021658961753231284, -3.656925457889885e-17, -0.0917618897732689]
[-0.010442232458194051, 0.025735553444686317, -0.025021870065628952]
[0.016213825262812342, -0.012298764902358733, -0.026019770788908644]
[0.022055922319222064, 2.2866124234896483e-17, -0.03539510473203343]
[0.016213825262812342, 0.012298764902358733, -0.026019770788908644]
[0.005795435048344266, -0.021711033536981637, -0.03505770971386227]
[0.00796123117178818, -3.4698094857664255e-17, -0.12510678379467588]
[0.005795435048344259, 0.02171103353698163, -0.03505770971386225]
[-0.00779786825159853, -0.019218347795557887, -0.025021870065628955]
[-0.017345650987297668, -1.4065057170055764e-17, -0.07751898386190523]
[-0.00779786825159853, 0.019218347795557887, -0.025021870065628955]
[0.011083290309551446, -0.008407071104584015, -0.02411157807267311]
[0.015076774675099238, 1.5630604687155058e-17, -0.032799360073558166]
[0.011083290309551446, 0.008407071104584015, -0.02411157807267311]
[0.0040304256166912855, -0.01434707418007509, -0.033395589516760575]
[0.004465452535286057, -6.939618971532851e-17, -0.11062084957642151]
[0.0040304256166912725, 0.014347074180075072, -0.03339558951676054]
[-0.005153504045003007, -0.012701142146429456, -0.02502187006562896]
[-0.013032340221364054, 8.439140238787321e-18, -0.06327607795054155]
[-0.005153504045003009, 0.012701142146429456, -0.02502187006562896]
[-0.010314001764390124, 0.02612364033622648, 0.024000000000000004]
[-0.00701116367378385, 0.03520042312523904, -0.0006979958640129922]
[-0.010442232458194051, 0.025735553444686317, -0.025021870065628952]
[-0.02941961416487066, 0.028622580385035366, 0.023999999999999994]
[-0.03539327770893318, 0.04025717381790805, -0.0044425688266577145]
[-0.028238323845654657, 0.025991944091005553, -0.030068041092230956]
[-0.04243169896988375, 0.017791788943807302, 0.024000000000000004]
[-0.051652156492019576, 0.024077999132678794, -0.0006966994961983659]
[-0.04203911107266399, 0.017524135193046488, -0.025021870065628955]
[-0.01480858417124257, 0.024349112351708856, 0.024000000000000004]
[-0.013003448737495916, 0.032819247603158755, 0.0023130300294558295]
[-0.014724604830701796, 0.02554840180447786, -0.02044783443897732]
[-0.029847915495378692, 0.02459315550062271, 0.024]
[-0.035597113664668854, 0.03500861369445002, -0.0012253817327312084]
[-0.029275241534930455, 0.024055684631939234, -0.02566094508024344]
[-0.040331450082218855, 0.01601848068545851, 0.024]
[-0.049831461933207546, 0.022342788695773434, 0.0002265824204884634]
[-0.040463907691067634, 0.01609853352497651, -0.023704146957156055]
[-0.018451664444395464, 0.021174496358680975, 0.024000000000000004]
[-0.017939725568501295, 0.028760268707710375, 0.005829418214026684]
[-0.018262475667819477, 0.024069478698149075, -0.014839920870590955]
[-0.030276216825886722, 0.020563730616210047, 0.024000000000000004]
[-0.03580094962040453, 0.029760053570991984, 0.0019918053611952978]
[-0.03031215922420625, 0.022119425172872915, -0.021253849068255927]
[-0.03823120119455396, 0.014245172427109723, 0.024]
[-0.04801076737439551, 0.020607578258868078, 0.0011498643371752927]
[-0.03888870430947128, 0.01467293185690653, -0.022386423848683154]
[-0.04243169896988375, -0.017791788943807302, 0.024000000000000004]
[-0.051652156492019576, -0.024077999132678794, -0.0006966994961983659]
[-0.04203911107266399, -0.017524135193046488, -0.025021870065628955]
[-0.0638067081583304, 8.744604472958628e-18, 0.023999999999999976]
[-0.08659789603146945, 5.6861617124523244e-18, -0.010729195224815174]
[-0.05442493788154084, 4.490816950881633e-19, -0.03707901827352559]
[-0.04243169896988375, 0.017791788943807302, 0.024000000000000004]
[-0.051652156492019576, 0.024077999132678794, -0.0006966994961983659]
[-0.04203911107266399, 0.017524135193046488, -0.025021870065628955]
[-0.040331450082218855, -0.01601848068545851, 0.024]
[-0.049831461933207546, -0.022342788695773434, 0.0002265824204884634]
[-0.040463907691067634, -0.01609853352497651, -0.023704146957156055]
[-0.05998620009825082, -2.359967954564792e-18, 0.023999999999999987]
[-0.08339266931350345, -1.4538754021856458e-18, -0.009315188261459783]
[-0.05209070008006811, 1.7659754787806633e-18, -0.03512633132045771]
[-0.040331450082218855, 0.01601848068545851, 0.024]
[-0.049831461933207546, 0.022342788695773434, 0.0002265824204884634]
[-0.040463907691067634, 0.01609853352497651, -0.023704146957156055]
[-0.03823120119455396, -0.014245172427109723, 0.024]
[-0.04801076737439551, -0.020607578258868078, 0.0011498643371752927]
[-0.03888870430947128, -0.01467293185690653, -0.022386423848683154]
[-0.05616569203817125, -1.3464540382088212e-17, 0.024]
[-0.08018744259553745, -8.593912516823617e-18, -0.00790118129810439]
[-0.04975646227859537, 3.0828692624731635e-18, -0.033173644367389836]
[-0.03823120119455396, 0.014245172427109723, 0.024]
[-0.04801076737439551, 0.020607578258868078, 0.0011498643371752927]
[-0.03888870430947128, 0.01467293185690653, -0.022386423848683154]
[-0.010314001764390124, -0.02612364033622648, 0.024000000000000004]
[-0.00701116367378385, -0.03520042312523904, -0.0006979958640129922]
[-0.010442232458194051, -0.025735553444686317, -0.025021870065628952]
[-0.02941961416487066, -0.028622580385035366, 0.023999999999999994]
[-0.03539327770893318, -0.04025717381790805, -0.0044425688266577145]
[-0.028238323845654657, -0.025991944091005553, -0.030068041092230956]
[-0.04243169896988375, -0.017791788943807302, 0.024000000000000004]
[-0.051652156492019576, -0.024077999132678794, -0.0006966994961983659]
[-0.04203911107266399, -0.017524135193046488, -0.025021870065628955]
[-0.01480858417124257, -0.024349112351708856, 0.024000000000000004]
[-0.013003448737495916, -0.032819247603158755, 0.0023130300294558295]
[-0.014724604830701796, -0.02554840180447786, -0.02044783443897732]
[-0.029847915495378692, -0.02459315550062271, 0.024]
[-0.035597113664668854, -0.03500861369445002, -0.0012253817327312084]
[-0.029275241534930455, -0.024055684631939234, -0.02566094508024344]
[-0.040331450082218855, -0.01601848068545851, 0.024]
[-0.049831461933207546, -0.022342788695773434, 0.0002265824204884634]
[-0.040463907691067634, -0.01609853352497651, -0.023704146957156055]
[-0.018451664444395464, -0.021174496358680975, 0.024000000000000004]
[-0.017939725568501295, -0.028760268707710375, 0.005829418214026684]
[-0.018262475667819477, -0.024069478698149075, -0.014839920870590955]
[-0.030276216825886722, -0.020563730616210047, 0.024000000000000004]
[-0.03580094962040453, -0.029760053570991984, 0.0019918053611952978]
[-0.03031215922420625, -0.022119425172872915, -0.021253849068255927]
[-0.03823120119455396, -0.014245172427109723, 0.024]
[-0.04801076737439551, -0.020607578258868078, 0.0011498643371752927]
[-0.03888870430947128, -0.01467293185690653, -0.022386423848683154]
[-0.010442232458194051, -0.025735553444686317, -0.025021870065628952]
[-0.021658961753231287, -3.6569254578898845e-17, -0.09176188977326892]
[-0.010442232458194051, 0.025735553444686317, -0.025021870065628952]
[-0.028238323845654653, -0.02599194409100555, -0.03006804109223096]
[-0.04467648144143731, -1.9493534179700487e-17, -0.07843805314498797]
[-0.028238323845654653, 0.02599194409100555, -0.03006804109223096]
[-0.04203911107266399, -0.017524135193046488, -0.025021870065628955]
[-0.05442493788154084, 4.490816950881633e-19, -0.03707901827352559]
[-0.04203911107266399, 0.017524135193046488, -0.025021870065628955]
[-0.014724604830701796, -0.02554840180447786, -0.02044783443897732]
[-0.022583481644469806, -1.4717976721901603e-17, -0.10741497011757094]
[-0.014724604830701796, 0.02554840180447786, -0.02044783443897732]
[-0.029275241534930448, -0.02405568463193923, -0.02566094508024344]
[-0.042861384793601714, -4.841670818538888e-18, -0.07785028123096277]
[-0.029275241534930448, 0.02405568463193923, -0.02566094508024344]
[-0.040463907691067634, -0.01609853352497651, -0.023704146957156055]
[-0.05209070008006811, 1.7659754787806633e-18, -0.03512633132045771]
[-0.040463907691067634, 0.01609853352497651, -0.023704146957156055]
[-0.018262475667819477, -0.02406947869814907, -0.014839920870590955]
[-0.02122326260835503, 1.1345954313151883e-17, -0.12066031280338047]
[-0.018262475667819477, 0.02406947869814907, -0.014839920870590955]
[-0.030312159224206246, -0.022119425172872915, -0.021253849068255927]
[-0.04104628814576613, 9.81019254262271e-18, -0.07726250931693758]
[-0.030312159224206246, 0.022119425172872915, -0.021253849068255927]
[-0.03888870430947128, -0.01467293185690653, -0.022386423848683154]
[-0.04975646227859537, 3.0828692624731635e-18, -0.033173644367389836]
[-0.03888870430947128, 0.01467293185690653, -0.022386423848683154]

Weights
1.0
0.8729789959840732
1.0
0.7967233068234758
0.672324507579782
0.8573933926761093
1.0
0.8729789959840732
1.0
1.0
0.8626642388325481
1.0
0.7967235143014606
0.6621189429311286
0.8573933926761093
1.0
0.8626642388325481
1.0
1.0
0.8523494816810229
1.0
0.7967237217794455
0.6519133782824752
0.8573933926761093
1.0
0.8523494816810229
1.0
1.0
0.8729789959840732
1.0
0.7967233069369317
0.693305367261651
0.8491158964086176
1.0
0.8553176337445005
1.0
1.0
0.8626642388325481
1.0
0.7967235143716747
0.6704662335719562
0.8534016845161726
1.0
0.8507391802404406
1.0
1.0
0.8523494816810229
1.0
0.7967237218064175
0.6476270998822613
0.8576874726237276
1.0
0.8461607267363807
1.0
1.0
0.8553176337445005
1.0
0.9855200171849852
0.8572402447784353
0.9872786506707629
1.0
0.8863641879566218
1.0
1.0
0.8507391802404406
1.0
0.9855200165977812
0.8506567995453118
0.9722478090458846
1.0
0.8919171896852083
1.0
1.0
0.8461607267363807
1.0
0.9855200160105773
0.8440733543121883
0.9572169674210064
1.0
0.8974701914137948
1.0
1.0
0.8863641879566219
1.0
0.9772951405563521
0.872349683812635
0.9361866215666246
1.0
0.9552746445690993
1.0
1.0
0.8919171896852083
1.0
0.9772951405563621
0.887407924123495
0.9564117526065157
1.0
0.9492849299134334
1.0
1.0
0.8974701914137947
1.0
0.9772951405563721
0.902466164434355
0.9766368836464068
1.0
0.9432952152577676
1.0
1.0
0.9552746445690992
1.0
0.9102115835093592
0.9109987574066826
0.9775080568521142
1.0
0.9552746445690992
1.0
1.0
0.9492849299134265
1.0
0.9102115835098993
0.9051398759475162
0.9775080568520971
1.0
0.9492849299134334
1.0
1.0
0.9432952152577538
1.0
0.9102115835104394
0.8992809944883497
0.9775080568520799
1.0
0.9432952152577676
1.0
1.0
0.8863641879566219
1.0
0.9772951405563521
0.872349683812635
0.9361866215666246
1.0
0.9552746445690993
1.0
1.0
0.8919171896852125
1.0
0.977295140556349
0.8874079241235112
0.9564117526064511
1.0
0.9492849299134265
1.0
1.0
0.897470191413803
1.0
0.9772951405563459
0.9024661644343874
0.9766368836462775
1.0
0.9432952152577538
1.0
1.0
0.8553176337445005
1.0
0.9855200171849852
0.8572402447784353
0.9872786506707629
1.0
0.8863641879566218
1.0
1.0
0.8507391802404468
1.0
0.9855200165977627
0.850656799545286
0.9722478090458802
1.0
0.8919171896852124
1.0
1.0
0.8461607267363931
1.0
0.9855200160105403
0.8440733543121366
0.9572169674209974
1.0
0.897470191413803
1.0
1.0
0.8729789959840732
1.0
0.7967233069369317
0.693305367261651
0.8491158964086176
1.0
0.8553176337445005
1.0
1.0
0.8626642388325481
1.0
0.796723514362286
0.6704662335513498
0.8534016845161692
1.0
0.8507391802404468
1.0
1.0
0.8523494816810229
1.0
0.7967237217876401
0.6476270998410487
0.8576874726237206
1.0
0.8461607267363931
1.0
1.0
0.3513139322849599
1.0
0.9361866215666246
0.48610722017078634
0.9361866215666246
1.0
0.9775080568521142
1.0
1.0
0.6010154126248766
1.0
0.9564117526064511
0.7012072537468189
0.9564117526065157
1.0
0.9775080568520971
1.0
1.0
0.8507168929647931
1.0
0.9766368836462775
0.9163072873228515
0.9766368836464068
1.0
0.9775080568520799
1.0
1.0
0.5046821339727705
1.0
0.9872786506707629
0.41527668379962757
0.9872786506707629
1.0
0.3513139322849599
1.0
1.0
0.5667610246456065
1.0
0.9722478090458802
0.5508302867860511
0.9722478090458846
1.0
0.6010154126248766
1.0
1.0
0.6288399153184424
1.0
0.9572169674209974
0.6863838897724746
0.9572169674210063
1.0
0.8507168929647931
1.0
1.0
0.8573933926761093
1.0
0.8491158964086176
0.37740918893948827
0.8491158964086176
1.0
0.5046821339727706
1.0
1.0
0.8573933926761093
1.0
0.853401684516169
0.41410601896500876
0.8534016845161726
1.0
0.5667610246456065
1.0
1.0
0.8573933926761093
1.0
0.8576874726237205
0.45080284899052925
0.8576874726237276
1.0
0.6288399153184424
1.0
1.0
0.8553176337445005
1.0
0.8758690424359471
0.7355823912203672
0.9122362231648665
1.0
0.856367333414084
1.0
0.9855200171849852
0.8572402447784353
0.9872786506707629
0.9019434112554536
0.7632560095598011
0.9240271212675155
1.0
0.8470027263722946
1.0
1.0
0.8863641879566218
1.0
0.9280177800749603
0.790929627899235
0.9358180193701644
1.0
0.8376381193305051
1.0
1.0
0.856367333414084
1.0
0.7414379674493237
0.6000251191850314
0.8214776816421879
1.0
0.856367333414084
1.0
1.0
0.8470027263722946
1.0
0.7414379674574862
0.5908739453292539
0.8214776816421857
1.0
0.8470027263722946
1.0
1.0
0.8376381193305051
1.0
0.7414379674656488
0.5817227714734763
0.8214776816421835
1.0
0.8376381193305051
1.0
1.0
0.8553176337445005
1.0
0.8758690424359471
0.7355823912203672
0.9122362231648665
1.0
0.856367333414084
1.0
0.9855200171849852
0.8572402447784353
0.9872786506707629
0.9019434112554536
0.7632560095598011
0.9240271212675155
1.0
0.8470027263722946
1.0
1.0
0.8863641879566218
1.0
0.9280177800749603
0.790929627899235
0.9358180193701644
1.0
0.8376381193305051
1.0
1.0
0.5046821339727706
1.0
0.9122362231648666
0.5688285890205862
0.9122362231648666
1.0
0.8214776816421879
1.0
0.9872786506707629
0.41527668379962757
0.9872786506707629
0.9240271212675155
0.5392143193501062
0.9240271212675155
1.0
0.8214776816421857
1.0
1.0
0.3513139322849599
1.0
0.9358180193701644
0.5096000496796264
0.9358180193701644
1.0
0.8214776816421835
1.0

Patch vertices
[0.022376784454076277, -0.016973589317176612, 0.023999999999999997]
[0.021344360216073235, -0.01619045870013345, -0.027927963505144184]
[0.022376784454076277, 0.016973589317176612, 0.023999999999999997]
[0.021344360216073235, 0.01619045870013345, -0.027927963505144184]
[-0.010314001764390124, 0.02612364033622648, 0.024]
[-0.010442232458194051, 0.025735553444686317, -0.025021870065628952]
[-0.018451664444395464, 0.021174496358680975, 0.024]
[-0.018262475667819477, 0.024069478698149075, -0.014839920870590955]
[-0.025564199630901625, 0.011631634194891568, 0.023999999999999997]
[-0.03060135177159434, 0.006634527984782887, -0.005129940652943213]
[-0.025564199630901625, -0.011631634194891568, 0.023999999999999997]
[-0.03060135177159434, -0.006634527984782887, -0.005129940652943213]
[-0.018451664444395464, -0.021174496358680975, 0.024]
[-0.018262475667819477, -0.024069478698149075, -0.014839920870590955]
[-0.010314001764390124, -0.02612364033622648, 0.024]
[-0.010442232458194051, -0.025735553444686317, -0.025021870065628952]
[0.011102660317401229, -0.008421763946577801, 0.024000000000000004]
[0.011083290309551446, -0.008407071104584015, -0.02411157807267311]
[0.011102660317401229, 0.008421763946577801, 0.024000000000000004]
[0.011083290309551446, 0.008407071104584015, -0.02411157807267311]
[-0.005117484969215055, 0.012961732973847735, 0.024000000000000004]
[-0.00515350404500301, 0.012701142146429456, -0.02502187006562896]
[-0.009155138578432961, 0.010506122581864452, 0.024000000000000004]
[-0.012858527897871879, 0.008586146133491823, -0.01483992087059095]
[-0.01268415599974332, 0.005771252954917952, 0.024000000000000004]
[-0.01589008347478513, 0.003445050541586106, -0.004428928895543591]
[-0.012684155999743322, -0.0057712529549179496, 0.024000000000000004]
[-0.01589008347478513, -0.003445050541586102, -0.004428928895543591]
[-0.009155138578432965, -0.010506122581864449, 0.024000000000000004]
[-0.012858527897871879, -0.008586146133491823, -0.01483992087059095]
[-0.005117484969215056, -0.012961732973847735, 0.024000000000000004]
[-0.005153504045003007, -0.012701142146429456, -0.02502187006562896]
[-0.04243169896988375, 0.017791788943807302, 0.024000000000000004]
[-0.04203911107266399, 0.01752413519304649, -0.025021870065628955]
[-0.04243169896988375, -0.017791788943807302, 0.024000000000000004]
[-0.04203911107266399, -0.01752413519304649, -0.025021870065628955]
[-0.03823120119455397, 0.014245172427109726, 0.024]
[-0.03888870430947128, 0.014672931856906532, -0.022386423848683154]
[-0.03823120119455397, -0.014245172427109726, 0.024]
[-0.03888870430947128, -0.014672931856906532, -0.022386423848683154]

Patch connectivity
[0, 1, 2, 3, 16, 17, 18, 19]
[2, 3, 4, 5, 18, 19, 20, 21]
[4, 5, 6, 7, 20, 21, 22, 23]
[6, 7, 8, 9, 22, 23, 24, 25]
[10, 11, 8, 9, 26, 27, 24, 25]
[12, 13, 10, 11, 28, 29, 26, 27]
[14, 15, 12, 13, 30, 31, 28, 29]
[0, 1, 14, 15, 16, 17, 30, 31]
[13, 7, 11, 9, 29, 23, 27, 25]
[15, 5, 13, 7, 31, 21, 29, 23]
[1, 3, 15, 5, 17, 19, 31, 21]
[4, 5, 32, 33, 6, 7, 36, 37]
[34, 35, 32, 33, 38, 39, 36, 37]
[14, 15, 34, 35, 12, 13, 38, 39]
[15, 5, 35, 33, 13, 7, 39, 37]

Number of elements per boundary
(4, 5):1
(4, 32):1
(5, 33):1
(32, 33):1
(34, 32):1
(34, 35):1
(35, 33):1
(14, 34):1
(14, 15):1
(15, 5):1
(15, 35):1
(6, 7):1
(6, 36):1
(7, 37):1
(36, 37):1
(38, 36):1
(38, 39):1
(39, 37):1
(12, 38):1
(12, 13):1
(13, 7):1
(13, 39):1
(4, 6):1
(5, 7):1
(32, 36):1
(33, 37):1
(34, 38):1
(35, 39):1
(14, 12):1
(15, 13):1
(0, 1):1
(0, 2):1
(0, 14):1
(1, 3):1
(1, 15):1
(2, 3):1
(2, 4):1
(3, 5):1
(6, 8):1
(7, 9):1
(8, 9):1
(10, 8):1
(10, 11):1
(11, 9):1
(12, 10):1
(13, 11):1
(16, 17):1
(16, 18):1
(16, 30):1
(17, 19):1
(17, 31):1
(18, 19):1
(18, 20):1
(19, 21):1
(20, 21):1
(20, 22):1
(21, 23):1
(22, 23):1
(22, 24):1
(23, 25):1
(24, 25):1
(26, 24):1
(26, 27):1
(27, 25):1
(28, 26):1
(28, 29):1
(29, 23):1
(29, 27):1
(30, 28):1
(30, 31):1
(31, 21):1
(31, 29):1
(0, 16):1
(1, 17):1
(2, 18):1
(3, 19):1
(4, 20):1
(5, 21):1
(6, 22):1
(7, 23):1
(8, 24):1
(9, 25):1
(10, 26):1
(11, 27):1
(12, 28):1
(13, 29):1
(14, 30):1
(15, 31):1


Knot values per boundary
(4, 5):[0.0, 1]
(4, 32):[0.0, 1]
(5, 33):[0.0, 1]
(32, 33):[0.0, 1]
(34, 32):[0.0, 1]
(34, 35):[0.0, 1]
(35, 33):[0.0, 1]
(14, 34):[0.0, 1]
(14, 15):[0.0, 1]
(15, 5):[0.0, 1]
(15, 35):[0.0, 1]
(6, 7):[0.0, 1]
(6, 36):[0.0, 1]
(7, 37):[0.0, 1]
(36, 37):[0.0, 1]
(38, 36):[0.0, 1]
(38, 39):[0.0, 1]
(39, 37):[0.0, 1]
(12, 38):[0.0, 1]
(12, 13):[0.0, 1]
(13, 7):[0.0, 1]
(13, 39):[0.0, 1]
(4, 6):[0.0, 1]
(5, 7):[0.0, 1]
(32, 36):[0.0, 1]
(33, 37):[0.0, 1]
(34, 38):[0.0, 1]
(35, 39):[0.0, 1]
(14, 12):[0.0, 1]
(15, 13):[0.0, 1]
(0, 1):[0.0, 1]
(0, 2):[0.0, 1]
(0, 14):[0.0, 1]
(1, 3):[0.0, 1]
(1, 15):[0.0, 1]
(2, 3):[0.0, 1]
(2, 4):[0.0, 1]
(3, 5):[0.0, 1]
(6, 8):[0.0, 1]
(7, 9):[0.0, 1]
(8, 9):[0.0, 1]
(10, 8):[0.0, 1]
(10, 11):[0.0, 1]
(11, 9):[0.0, 1]
(12, 10):[0.0, 1]
(13, 11):[0.0, 1]
(16, 17):[0.0, 1]
(16, 18):[0.0, 1]
(16, 30):[0.0, 1]
(17, 19):[0.0, 1]
(17, 31):[0.0, 1]
(18, 19):[0.0, 1]
(18, 20):[0.0, 1]
(19, 21):[0.0, 1]
(20, 21):[0.0, 1]
(20, 22):[0.0, 1]
(21, 23):[0.0, 1]
(22, 23):[0.0, 1]
(22, 24):[0.0, 1]
(23, 25):[0.0, 1]
(24, 25):[0.0, 1]
(26, 24):[0.0, 1]
(26, 27):[0.0, 1]
(27, 25):[0.0, 1]
(28, 26):[0.0, 1]
(28, 29):[0.0, 1]
(29, 23):[0.0, 1]
(29, 27):[0.0, 1]
(30, 28):[0.0, 1]
(30, 31):[0.0, 1]
(31, 21):[0.0, 1]
(31, 29):[0.0, 1]
(0, 16):[0.0, 1]
(1, 17):[0.0, 1]
(2, 18):[0.0, 1]
(3, 19):[0.0, 1]
(4, 20):[0.0, 1]
(5, 21):[0.0, 1]
(6, 22):[0.0, 1]
(7, 23):[0.0, 1]
(8, 24):[0.0, 1]
(9, 25):[0.0, 1]
(10, 26):[0.0, 1]
(11, 27):[0.0, 1]
(12, 28):[0.0, 1]
(13, 29):[0.0, 1]
(14, 30):[0.0, 1]
(15, 31):[0.0, 1]


Knot multiplicity per boundary
(4, 5):[3, 3]
(4, 32):[3, 3]
(5, 33):[3, 3]
(32, 33):[3, 3]
(34, 32):[3, 3]
(34, 35):[3, 3]
(35, 33):[3, 3]
(14, 34):[3, 3]
(14, 15):[3, 3]
(15, 5):[3, 3]
(15, 35):[3, 3]
(6, 7):[3, 3]
(6, 36):[3, 3]
(7, 37):[3, 3]
(36, 37):[3, 3]
(38, 36):[3, 3]
(38, 39):[3, 3]
(39, 37):[3, 3]
(12, 38):[3, 3]
(12, 13):[3, 3]
(13, 7):[3, 3]
(13, 39):[3, 3]
(4, 6):[3, 3]
(5, 7):[3, 3]
(32, 36):[3, 3]
(33, 37):[3, 3]
(34, 38):[3, 3]
(35, 39):[3, 3]
(14, 12):[3, 3]
(15, 13):[3, 3]
(0, 1):[3, 3]
(0, 2):[3, 3]
(0, 14):[3, 3]
(1, 3):[3, 3]
(1, 15):[3, 3]
(2, 3):[3, 3]
(2, 4):[3, 3]
(3, 5):[3, 3]
(6, 8):[3, 3]
(7, 9):[3, 3]
(8, 9):[3, 3]
(10, 8):[3, 3]
(10, 11):[3, 3]
(11, 9):[3, 3]
(12, 10):[3, 3]
(13, 11):[3, 3]
(16, 17):[3, 3]
(16, 18):[3, 3]
(16, 30):[3, 3]
(17, 19):[3, 3]
(17, 31):[3, 3]
(18, 19):[3, 3]
(18, 20):[3, 3]
(19, 21):[3, 3]
(20, 21):[3, 3]
(20, 22):[3, 3]
(21, 23):[3, 3]
(22, 23):[3, 3]
(22, 24):[3, 3]
(23, 25):[3, 3]
(24, 25):[3, 3]
(26, 24):[3, 3]
(26, 27):[3, 3]
(27, 25):[3, 3]
(28, 26):[3, 3]
(28, 29):[3, 3]
(29, 23):[3, 3]
(29, 27):[3, 3]
(30, 28):[3, 3]
(30, 31):[3, 3]
(31, 21):[3, 3]
(31, 29):[3, 3]
(0, 16):[3, 3]
(1, 17):[3, 3]
(2, 18):[3, 3]
(3, 19):[3, 3]
(4, 20):[3, 3]
(5, 21):[3, 3]
(6, 22):[3, 3]
(7, 23):[3, 3]
(8, 24):[3, 3]
(9, 25):[3, 3]
(10, 26):[3, 3]
(11, 27):[3, 3]
(12, 28):[3, 3]
(13, 29):[3, 3]
(14, 30):[3, 3]
(15, 31):[3, 3]


Boundary names
endo_r:patch3-left,patch4-left,patch5-left,patch8-left,patch11-right,patch12-right,patch13-right,patch14-right
epi:patch0-left,patch1-left,patch7-left,patch10-left,patch11-left,patch12-left,patch13-left,patch14-left
endo_l:patch0-right,patch1-right,patch2-right,patch3-right,patch4-right,patch5-right,patch6-right,patch7-right,patch8-right,patch9-right,patch10-right
septum_r:patch3-left,patch4-left,patch5-left,patch8-left
endo_r_nosep:patch11-right,patch12-right,patch13-right,patch14-right
base_r:patch11-front,patch12-front,patch13-front
base_l:patch0-front,patch1-front,patch2-front,patch3-front,patch4-front,patch5-front,patch6-front,patch7-front


