Bi-ventricle THK (idealized) multipatch geometry data

Control points
[0.02201655747861857, -0.017438303059731656, 0.024]
[0.028223157164101138, -0.022354265348158934, -0.002577091150570199]
[0.021000753459727364, -0.016633731393706164, -0.027927963505144184]
[0.0358286356792427, 4.390606831313188e-18, 0.023999999999999994]
[0.04884874422961563, 5.2965929367418044e-18, -0.011118749856697089]
[0.02915066963096081, 4.527303233266237e-18, -0.03876617280257131]
[0.02201655747861857, 0.017438303059731656, 0.024]
[0.028223157164101138, 0.022354265348158934, -0.002577091150570199]
[0.021000753459727364, 0.016633731393706164, -0.027927963505144184]
[0.01647024222082087, -0.013045321712660563, 0.024]
[0.021623211957991908, -0.017126752155257288, -0.001326941352342454]
[0.015952811119023746, -0.012635488323656314, -0.026019770788908644]
[0.026802841845357576, -1.4302701645716367e-19, 0.023999999999999994]
[0.03757780267827096, -1.898828885927087e-19, -0.009321569450795637]
[0.022143735342999304, 3.0584768409230507e-19, -0.036117453766377774]
[0.01647024222082087, 0.013045321712660563, 0.024]
[0.021623211957991908, 0.017126752155257288, -0.001326941352342454]
[0.015952811119023746, 0.012635488323656314, -0.026019770788908644]
[0.010923926963023174, -0.00865234036558947, 0.024000000000000004]
[0.015023266751882676, -0.011899238962355644, -7.679155411470874e-05]
[0.010904868778320129, -0.008637245253606462, -0.02411157807267311]
[0.017777048011472455, -4.676660864227516e-18, 0.023999999999999997]
[0.026306861126926293, -5.676358713927222e-18, -0.007524389044894184]
[0.0151368010550378, -3.9156078650816264e-18, -0.03346873473018423]
[0.010923926963023174, 0.00865234036558947, 0.024000000000000004]
[0.015023266751882676, 0.011899238962355644, -7.679155411470874e-05]
[0.010904868778320129, 0.008637245253606462, -0.02411157807267311]
[0.02201655747861857, 0.017438303059731656, 0.024]
[0.028223157164101138, 0.022354265348158934, -0.002577091150570199]
[0.021000753459727364, 0.016633731393706164, -0.027927963505144184]
[0.008204479278003876, 0.03487660611947079, 0.023999999999999994]
[0.002607485123822897, 0.0465740375483943, -0.01590786465236808]
[0.005075833127108389, 0.026836035442992227, -0.04484700964522602]
[-0.01193331617278465, 0.025424774963266006, 0.024000000000000004]
[-0.005793908912681619, 0.03873718193498004, -0.007938625734737775]
[-0.014058393261518455, 0.020070671543056095, -0.03341055708311527]
[0.01647024222082087, 0.013045321712660563, 0.024]
[0.021623211957991908, 0.017126752155257288, -0.001326941352342454]
[0.015952811119023746, 0.012635488323656314, -0.026019770788908644]
[0.006137642596289317, 0.026090643425325202, 0.02399999999999999]
[0.005159422214267028, 0.037380141685435256, -0.015652605666637176]
[0.004114935424884551, 0.01971881696994981, -0.04274694252757759]
[-0.008927127143027562, 0.019019876402635853, 0.024000000000000004]
[-0.008053466639635415, 0.028466338721846625, -0.00789460120023771]
[-0.01024988525422846, 0.014633399170497618, -0.03341055708311527]
[0.010923926963023174, 0.00865234036558947, 0.024000000000000004]
[0.015023266751882676, 0.011899238962355644, -7.679155411470874e-05]
[0.010904868778320129, 0.008637245253606462, -0.02411157807267311]
[0.004070805914574757, 0.017304680731179613, 0.023999999999999987]
[0.00771135930471116, 0.02818624582247621, -0.015397346680906268]
[0.003154037722660714, 0.012601598496907396, -0.04064687540992916]
[-0.0059209381132704735, 0.012614977842005697, 0.024000000000000004]
[-0.010313024366589211, 0.018195495508713206, -0.007850576665737644]
[-0.006441377246938465, 0.009196126797939142, -0.03341055708311527]
[-0.01193331617278465, 0.025424774963266006, 0.024000000000000004]
[-0.005793908912681621, 0.03873718193498004, -0.007938625734737775]
[-0.014058393261518455, 0.020070671543056095, -0.03341055708311527]
[-0.01693127464608185, 0.02307894422829938, 0.023999999999999994]
[-0.012386073676861759, 0.036435832590276884, -0.0042717692336173]
[-0.017683221739599977, 0.02009834526265288, -0.02898791185721764]
[-0.02066936700084921, 0.01901579566036003, 0.024000000000000004]
[-0.017856751220665597, 0.03199105685108235, 0.000484420977940278]
[-0.020608868954182617, 0.0193313455544144, -0.02341910643851212]
[-0.008927127143027562, 0.019019876402635853, 0.024000000000000004]
[-0.008053466639635416, 0.028466338721846625, -0.00789460120023771]
[-0.01024988525422846, 0.014633399170497618, -0.03341055708311527]
[-0.012666021688571748, 0.017264997128413125, 0.02399999999999999]
[-0.013318322440656376, 0.02575625307819104, -0.004325079688958209]
[-0.013806513767288791, 0.014218326585541917, -0.02946890050393694]
[-0.015462430099966227, 0.014225419248759662, 0.024000000000000004]
[-0.016766548948357142, 0.02155203060151809, 0.0004431805077436626]
[-0.016504607468919904, 0.012978544046345958, -0.023419106438512118]
[-0.0059209381132704735, 0.012614977842005697, 0.024000000000000004]
[-0.010313024366589211, 0.018195495508713206, -0.007850576665737644]
[-0.006441377246938465, 0.009196126797939142, -0.03341055708311527]
[-0.008400768731061645, 0.011451050028526867, 0.023999999999999987]
[-0.014250571204450993, 0.015076673566105196, -0.004378390144299119]
[-0.009929805794977606, 0.008338307908430955, -0.029949889150656238]
[-0.010255493199083244, 0.009435042837159294, 0.024000000000000004]
[-0.01567634667604869, 0.01111300435195383, 0.0004019400375470471]
[-0.012400345983657189, 0.006625742538277518, -0.02341910643851211]
[-0.02066936700084921, 0.01901579566036003, 0.024000000000000004]
[-0.017856751220665608, 0.031991056851082354, 0.00048442097794027764]
[-0.020608868954182617, 0.0193313455544144, -0.02341910643851212]
[-0.024246459517089765, 0.015127647131587003, 0.024000000000000007]
[-0.02911931664254092, 0.022544568050411037, 0.0052248952473397895]
[-0.027680799519422046, 0.013630227847902738, -0.01906688400466282]
[-0.026166228162111095, 0.010205475029644922, 0.024]
[-0.032037796064321826, 0.009030750364396612, 0.007070879572130706]
[-0.030179161516945087, 0.005677051575949681, -0.011564329828884095]
[-0.015462430099966227, 0.014225419248759662, 0.024000000000000004]
[-0.01676654894835715, 0.021552030601518092, 0.0004431805077436617]
[-0.016504607468919904, 0.012978544046345958, -0.023419106438512118]
[-0.018138397051174062, 0.011316756161013072, 0.023999999999999997]
[-0.022927993913722425, 0.015340551541970743, 0.005112593604329467]
[-0.02118136355995827, 0.009318731174541618, -0.01826877767304773]
[-0.019574545941333746, 0.007634556214341351, 0.024]
[-0.02442100235277549, 0.006864582360462416, 0.007645323437980179]
[-0.0229250090637741, 0.004312461058968932, -0.010774190943764262]
[-0.010255493199083244, 0.009435042837159294, 0.024000000000000004]
[-0.01567634667604869, 0.011113004351953826, 0.00040194003754704576]
[-0.012400345983657189, 0.006625742538277518, -0.02341910643851211]
[-0.012030334585258358, 0.00750586519043914, 0.023999999999999987]
[-0.016736671184903934, 0.00813653503353045, 0.005000291961319145]
[-0.014681927600494488, 0.005007234501180496, -0.017470671341432636]
[-0.0129828637205564, 0.0050636373990377796, 0.024000000000000004]
[-0.016804208641229154, 0.004698414356528219, 0.008219767303829652]
[-0.015670856610603114, 0.0029478705419881844, -0.00998405205864443]
[-0.026166228162111095, -0.010205475029644922, 0.024]
[-0.03203779606432182, -0.00903075036439661, 0.007070879572130704]
[-0.030179161516945087, -0.005677051575949681, -0.011564329828884095]
[-0.03014661539772796, 1.3533524619414368e-18, 0.023999999999999997]
[-0.034357947453177225, -4.344354442574462e-18, 0.006745951165887285]
[-0.031195075550176574, -7.016283339082578e-18, -0.011953617150584014]
[-0.026166228162111095, 0.010205475029644922, 0.024]
[-0.03203779606432182, 0.00903075036439661, 0.007070879572130704]
[-0.030179161516945087, 0.005677051575949681, -0.011564329828884095]
[-0.01957454594133375, -0.007634556214341349, 0.024]
[-0.024421002352775487, -0.006864582360462411, 0.0076453234379801486]
[-0.0229250090637741, -0.0043124610589689305, -0.010774190943764262]
[-0.022552211362775923, 1.168006937777638e-17, 0.023999999999999994]
[-0.026184011814941927, 7.312923374138473e-18, 0.007326593146550685]
[-0.023696728265010725, -1.7215014837157252e-17, -0.01113688000556409]
[-0.019574545941333746, 0.007634556214341351, 0.024]
[-0.024421002352775487, 0.006864582360462414, 0.007645323437980177]
[-0.0229250090637741, 0.004312461058968932, -0.010774190943764262]
[-0.012982863720556402, -0.005063637399037776, 0.024000000000000004]
[-0.01680420864122915, -0.00469841435652821, 0.008219767303829593]
[-0.015670856610603114, -0.002947870541988181, -0.00998405205864443]
[-0.014957807327823883, 2.2006786293611323e-17, 0.02399999999999999]
[-0.018010076176706625, 1.8970201190851407e-17, 0.007907235127214085]
[-0.016198380979844877, -2.7413746335231927e-17, -0.010320142860544163]
[-0.0129828637205564, 0.0050636373990377796, 0.024000000000000004]
[-0.01680420864122915, 0.004698414356528217, 0.00821976730382965]
[-0.015670856610603114, 0.0029478705419881844, -0.00998405205864443]
[-0.02066936700084921, -0.01901579566036003, 0.024000000000000004]
[-0.017856751220665608, -0.031991056851082354, 0.00048442097794027764]
[-0.020608868954182617, -0.0193313455544144, -0.02341910643851212]
[-0.024246459517089765, -0.015127647131587003, 0.024000000000000007]
[-0.02911931664254092, -0.022544568050411037, 0.0052248952473397895]
[-0.027680799519422046, -0.013630227847902738, -0.01906688400466282]
[-0.026166228162111095, -0.010205475029644922, 0.024]
[-0.032037796064321826, -0.009030750364396612, 0.007070879572130706]
[-0.030179161516945087, -0.005677051575949681, -0.011564329828884095]
[-0.015462430099966229, -0.01422541924875966, 0.024000000000000004]
[-0.01676654894835715, -0.021552030601518085, 0.00044318050774363565]
[-0.016504607468919904, -0.012978544046345958, -0.023419106438512118]
[-0.01813839705117405, -0.011316756161013068, 0.024]
[-0.02292799391372239, -0.015340551541970646, 0.0051125936043283126]
[-0.02118136355995828, -0.009318731174541618, -0.01826877767304773]
[-0.01957454594133375, -0.007634556214341349, 0.024]
[-0.024421002352775487, -0.006864582360462411, 0.0076453234379801486]
[-0.0229250090637741, -0.0043124610589689305, -0.010774190943764262]
[-0.010255493199083249, -0.009435042837159291, 0.024000000000000004]
[-0.015676346676048693, -0.011113004351953818, 0.00040194003754699366]
[-0.012400345983657189, -0.006625742538277518, -0.02341910643851211]
[-0.012030334585258337, -0.0075058651904391345, 0.023999999999999997]
[-0.016736671184903858, -0.008136535033530257, 0.005000291961316836]
[-0.014681927600494511, -0.005007234501180497, -0.01747067134143264]
[-0.012982863720556402, -0.005063637399037776, 0.024000000000000004]
[-0.016804208641229147, -0.0046984143565282094, 0.008219767303829591]
[-0.015670856610603114, -0.002947870541988181, -0.00998405205864443]
[-0.01193331617278465, -0.025424774963266006, 0.024000000000000004]
[-0.005793908912681621, -0.03873718193498004, -0.007938625734737775]
[-0.014058393261518455, -0.020070671543056095, -0.03341055708311527]
[-0.01693127464608185, -0.02307894422829938, 0.023999999999999994]
[-0.012386073676861759, -0.036435832590276884, -0.0042717692336173]
[-0.017683221739599977, -0.02009834526265288, -0.02898791185721764]
[-0.02066936700084921, -0.01901579566036003, 0.024000000000000004]
[-0.017856751220665597, -0.03199105685108235, 0.000484420977940278]
[-0.020608868954182617, -0.0193313455544144, -0.02341910643851212]
[-0.00892712714302756, -0.019019876402635853, 0.024000000000000004]
[-0.008053466639635416, -0.028466338721846625, -0.007894601200237692]
[-0.010249885254228463, -0.014633399170497618, -0.03341055708311527]
[-0.012666021688571744, -0.01726499712841314, 0.023999999999999997]
[-0.01331832244065639, -0.025756253078191065, -0.004325079688958317]
[-0.013806513767288782, -0.01421832658554191, -0.02946890050393691]
[-0.015462430099966229, -0.01422541924875966, 0.024000000000000004]
[-0.01676654894835715, -0.02155203060151808, 0.0004431805077436354]
[-0.016504607468919904, -0.012978544046345958, -0.023419106438512118]
[-0.005920938113270471, -0.012614977842005699, 0.024000000000000004]
[-0.010313024366589211, -0.01819549550871321, -0.007850576665737609]
[-0.006441377246938472, -0.009196126797939139, -0.03341055708311527]
[-0.00840076873106164, -0.011451050028526899, 0.024]
[-0.014250571204451024, -0.015076673566105247, -0.004378390144299335]
[-0.009929805794977587, -0.008338307908430941, -0.02994988915065618]
[-0.010255493199083249, -0.009435042837159291, 0.024000000000000004]
[-0.0156763466760487, -0.011113004351953818, 0.0004019400375469927]
[-0.012400345983657189, -0.006625742538277518, -0.02341910643851211]
[0.02201655747861857, -0.017438303059731656, 0.024]
[0.028223157164101138, -0.022354265348158934, -0.002577091150570199]
[0.021000753459727364, -0.016633731393706164, -0.027927963505144184]
[0.008204479278003876, -0.03487660611947079, 0.023999999999999994]
[0.002607485123822897, -0.0465740375483943, -0.01590786465236808]
[0.005075833127108389, -0.026836035442992227, -0.04484700964522602]
[-0.01193331617278465, -0.025424774963266006, 0.024000000000000004]
[-0.005793908912681619, -0.03873718193498004, -0.007938625734737775]
[-0.014058393261518455, -0.020070671543056095, -0.03341055708311527]
[0.01647024222082087, -0.013045321712660563, 0.024]
[0.021623211957991908, -0.017126752155257288, -0.001326941352342454]
[0.015952811119023746, -0.012635488323656314, -0.026019770788908644]
[0.006137642596289319, -0.026090643425325216, 0.023999999999999987]
[0.005159422214266957, -0.03738014168543505, -0.01565260566663694]
[0.0041149354248845565, -0.019718816969949815, -0.042746942527577596]
[-0.00892712714302756, -0.019019876402635853, 0.024000000000000004]
[-0.008053466639635415, -0.028466338721846625, -0.007894601200237692]
[-0.010249885254228463, -0.014633399170497618, -0.03341055708311527]
[0.010923926963023174, -0.00865234036558947, 0.024000000000000004]
[0.015023266751882676, -0.011899238962355644, -7.679155411470874e-05]
[0.010904868778320129, -0.008637245253606462, -0.02411157807267311]
[0.004070805914574762, -0.01730468073117964, 0.023999999999999983]
[0.007711359304711018, -0.0281862458224758, -0.015397346680905798]
[0.0031540377226607235, -0.0126015984969074, -0.04064687540992917]
[-0.005920938113270471, -0.012614977842005699, 0.024000000000000004]
[-0.010313024366589211, -0.01819549550871321, -0.007850576665737609]
[-0.006441377246938472, -0.009196126797939139, -0.03341055708311527]
[-0.020608868954182617, -0.0193313455544144, -0.02341910643851212]
[-0.025316560198072387, -1.507614407316622e-17, -0.060100327072628405]
[-0.020608868954182617, 0.0193313455544144, -0.02341910643851212]
[-0.027680799519422046, -0.013630227847902738, -0.01906688400466282]
[-0.030667780908562058, -1.629046144789181e-17, -0.044287428126736146]
[-0.027680799519422046, 0.013630227847902738, -0.01906688400466282]
[-0.030179161516945087, -0.005677051575949681, -0.011564329828884095]
[-0.031195075550176574, -7.016283339082578e-18, -0.011953617150584014]
[-0.030179161516945087, 0.005677051575949681, -0.011564329828884095]
[-0.016504607468919904, -0.012978544046345958, -0.023419106438512118]
[-0.020079386150629208, 2.1622153288186936e-18, -0.044065552521653326]
[-0.016504607468919904, 0.012978544046345958, -0.023419106438512118]
[-0.02118136355995828, -0.009318731174541618, -0.01826877767304773]
[-0.02326631483201108, -1.0670885046732655e-16, -0.03193689337325176]
[-0.02118136355995827, 0.009318731174541618, -0.01826877767304773]
[-0.0229250090637741, -0.0043124610589689305, -0.010774190943764262]
[-0.023696728265010725, -1.7215014837157252e-17, -0.01113688000556409]
[-0.0229250090637741, 0.004312461058968932, -0.010774190943764262]
[-0.012400345983657189, -0.006625742538277518, -0.02341910643851211]
[-0.014842212103186031, 1.9400574730803607e-17, -0.028030777970678246]
[-0.012400345983657189, 0.006625742538277518, -0.02341910643851211]
[-0.014681927600494511, -0.005007234501180497, -0.01747067134143264]
[-0.01586484875546011, -1.9712723948676127e-16, -0.019586358619767374]
[-0.014681927600494488, 0.005007234501180496, -0.017470671341432636]
[-0.015670856610603114, -0.002947870541988181, -0.00998405205864443]
[-0.016198380979844877, -2.7413746335231927e-17, -0.010320142860544163]
[-0.015670856610603114, 0.0029478705419881844, -0.00998405205864443]
[-0.014058393261518455, -0.020070671543056095, -0.03341055708311527]
[-0.02203974761512384, 1.2673648939368072e-17, -0.06029874174893663]
[-0.014058393261518455, 0.020070671543056095, -0.03341055708311527]
[-0.017683221739599977, -0.02009834526265288, -0.02898791185721764]
[-0.02421612276316786, 0.0, -0.0615874451171014]
[-0.017683221739599977, 0.02009834526265288, -0.02898791185721764]
[-0.020608868954182617, -0.0193313455544144, -0.02341910643851212]
[-0.025316560198072394, -1.4331789814879486e-17, -0.060100327072628405]
[-0.020608868954182617, 0.0193313455544144, -0.02341910643851212]
[-0.010249885254228463, -0.014633399170497618, -0.03341055708311527]
[-0.01573489697324631, 1.1074897869326523e-17, -0.05460556162159194]
[-0.01024988525422846, 0.014633399170497618, -0.03341055708311527]
[-0.013806513767288782, -0.01421832658554191, -0.029468900503936912]
[-0.018580206562212685, 1.9058919976127506e-16, -0.05124186355433375]
[-0.013806513767288791, 0.014218326585541919, -0.02946890050393694]
[-0.016504607468919904, -0.012978544046345958, -0.023419106438512118]
[-0.02007938615062921, 2.5343924579620607e-18, -0.044065552521653326]
[-0.016504607468919904, 0.012978544046345958, -0.023419106438512118]
[-0.006441377246938472, -0.009196126797939139, -0.03341055708311527]
[-0.009430046331368782, 9.476146799284972e-18, -0.04891238149424726]
[-0.006441377246938465, 0.009196126797939142, -0.03341055708311527]
[-0.009929805794977587, -0.008338307908430941, -0.02994988915065619]
[-0.012944290361257509, 3.8117839952255013e-16, -0.0408962819915661]
[-0.009929805794977606, 0.008338307908430959, -0.029949889150656245]
[-0.012400345983657189, -0.006625742538277518, -0.02341910643851211]
[-0.014842212103186031, 1.9400574730803607e-17, -0.028030777970678246]
[-0.012400345983657189, 0.006625742538277518, -0.02341910643851211]
[0.021000753459727364, -0.016633731393706164, -0.027927963505144184]
[0.02915066963096081, 4.527303233266237e-18, -0.03876617280257131]
[0.021000753459727364, 0.016633731393706164, -0.027927963505144184]
[0.00507583312710839, -0.026836035442992227, -0.04484700964522602]
[0.009742157079026469, 1.8330231306259044e-17, -0.12508773828177489]
[0.00507583312710839, 0.026836035442992227, -0.04484700964522602]
[-0.014058393261518455, -0.020070671543056095, -0.03341055708311527]
[-0.022039747615123832, 1.242358555815722e-17, -0.06029874174893662]
[-0.014058393261518455, 0.020070671543056095, -0.03341055708311527]
[0.015952811119023746, -0.012635488323656314, -0.026019770788908644]
[0.022143735342999304, 3.0584768409230507e-19, -0.036117453766377774]
[0.015952811119023746, 0.012635488323656314, -0.026019770788908644]
[0.0041149354248845565, -0.01971881696994981, -0.042746942527577596]
[0.007913553886768995, 5.539947745456915e-18, -0.10570627388046014]
[0.004114935424884552, 0.01971881696994981, -0.04274694252757759]
[-0.010249885254228463, -0.014633399170497618, -0.03341055708311527]
[-0.015734896973246308, 1.0949866178721096e-17, -0.05460556162159194]
[-0.01024988525422846, 0.014633399170497618, -0.03341055708311527]
[0.010904868778320129, -0.008637245253606462, -0.02411157807267311]
[0.0151368010550378, -3.9156078650816264e-18, -0.03346873473018423]
[0.010904868778320129, 0.008637245253606462, -0.02411157807267311]
[0.003154037722660723, -0.012601598496907396, -0.04064687540992917]
[0.006084950694511522, -7.250335815345216e-18, -0.08632480947914538]
[0.003154037722660714, 0.012601598496907396, -0.04064687540992916]
[-0.006441377246938472, -0.009196126797939139, -0.03341055708311527]
[-0.009430046331368782, 9.476146799284972e-18, -0.04891238149424726]
[-0.006441377246938465, 0.009196126797939142, -0.03341055708311527]
[-0.011933316172784652, 0.025424774963266006, 0.024000000000000007]
[-0.005793908912681619, 0.03873718193498004, -0.007938625734737775]
[-0.014058393261518457, 0.020070671543056095, -0.03341055708311527]
[-0.02879763137371687, 0.03327641045305263, 0.023999999999999994]
[-0.030337041958636072, 0.053461603690741905, -0.014408435027613627]
[-0.02719490248744588, 0.021831167256804018, -0.038695651778843466]
[-0.04343869043193699, 0.022072976420433325, 0.024]
[-0.05295150208316657, 0.03340857689296308, -0.007918989891025678]
[-0.03970865472092436, 0.017628213282203584, -0.03341055708311526]
[-0.01693127464608185, 0.02307894422829938, 0.023999999999999994]
[-0.012386073676861759, 0.036435832590276884, -0.0042717692336173]
[-0.017683221739599977, 0.02009834526265288, -0.02898791185721764]
[-0.029504883511526584, 0.027090376357302583, 0.024000000000000004]
[-0.03181804351890768, 0.045800497945651164, -0.009287136035084942]
[-0.028030265368660864, 0.020027756007922386, -0.03353522249518279]
[-0.04063015996391391, 0.01861817573692723, 0.024]
[-0.05050405145086366, 0.030298307143000983, -0.005641096983955165]
[-0.03801190598483643, 0.015510846886339844, -0.0304715430865084]
[-0.02066936700084921, 0.01901579566036003, 0.024000000000000004]
[-0.017856751220665608, 0.031991056851082354, 0.0004844209779402773]
[-0.020608868954182617, 0.0193313455544144, -0.023419106438512124]
[-0.030212135649336298, 0.020904342261552536, 0.024000000000000014]
[-0.03329904507917929, 0.03813939220056043, -0.004165837042556257]
[-0.028865628249875847, 0.01822434475904075, -0.028374793211522108]
[-0.03782162949589084, 0.015163375053421134, 0.024]
[-0.048056600818560745, 0.02718803739303888, -0.0033632040768846513]
[-0.0363151572487485, 0.013393480490476103, -0.02753252908990154]
[-0.04343869043193699, -0.022072976420433325, 0.024]
[-0.05295150208316657, -0.03340857689296308, -0.007918989891025678]
[-0.03970865472092436, -0.017628213282203584, -0.03341055708311526]
[-0.0722844666926212, 3.4920489133297694e-19, 0.02399999999999999]
[-0.11007381730310002, 1.0630351945166131e-17, -0.030038569875005437]
[-0.0454674865556241, 7.101764799905147e-18, -0.04641660800593622]
[-0.04343869043193699, 0.022072976420433325, 0.024]
[-0.05295150208316657, 0.03340857689296308, -0.007918989891025678]
[-0.03970865472092436, 0.017628213282203584, -0.03341055708311526]
[-0.04063015996391391, -0.01861817573692723, 0.024]
[-0.05050405145086366, -0.030298307143000983, -0.005641096983955165]
[-0.03801190598483643, -0.015510846886339844, -0.0304715430865084]
[-0.06510236600394845, 1.3206352175880532e-17, 0.023999999999999997]
[-0.10465578312498852, 2.6844907439443404e-17, -0.026436431017881117]
[-0.04311022801690422, 6.808412320078761e-18, -0.042333495585359336]
[-0.04063015996391391, 0.01861817573692723, 0.024]
[-0.05050405145086366, 0.030298307143000983, -0.005641096983955165]
[-0.03801190598483643, 0.015510846886339844, -0.0304715430865084]
[-0.03782162949589084, -0.015163375053421134, 0.024]
[-0.048056600818560745, -0.02718803739303888, -0.0033632040768846513]
[-0.0363151572487485, -0.013393480490476103, -0.02753252908990154]
[-0.05792026531527571, 2.606349946042809e-17, 0.024000000000000004]
[-0.09923774894687702, 4.3059462933720676e-17, -0.022834292160756796]
[-0.040752969478184346, 6.515059840252375e-18, -0.03825038316478245]
[-0.03782162949589084, 0.015163375053421134, 0.024]
[-0.048056600818560745, 0.02718803739303888, -0.0033632040768846513]
[-0.0363151572487485, 0.013393480490476103, -0.02753252908990154]
[-0.011933316172784652, -0.025424774963266006, 0.024000000000000007]
[-0.005793908912681619, -0.03873718193498004, -0.007938625734737775]
[-0.014058393261518457, -0.020070671543056095, -0.03341055708311527]
[-0.02879763137371687, -0.03327641045305263, 0.023999999999999994]
[-0.030337041958636072, -0.053461603690741905, -0.014408435027613627]
[-0.02719490248744588, -0.021831167256804018, -0.038695651778843466]
[-0.04343869043193699, -0.022072976420433325, 0.024]
[-0.05295150208316657, -0.03340857689296308, -0.007918989891025678]
[-0.03970865472092436, -0.017628213282203584, -0.03341055708311526]
[-0.01693127464608185, -0.02307894422829938, 0.023999999999999994]
[-0.012386073676861759, -0.036435832590276884, -0.0042717692336173]
[-0.017683221739599977, -0.02009834526265288, -0.02898791185721764]
[-0.029504883511526584, -0.027090376357302583, 0.024000000000000004]
[-0.03181804351890768, -0.045800497945651164, -0.009287136035084942]
[-0.028030265368660864, -0.020027756007922386, -0.03353522249518279]
[-0.04063015996391391, -0.01861817573692723, 0.024]
[-0.05050405145086366, -0.030298307143000983, -0.005641096983955165]
[-0.03801190598483643, -0.015510846886339844, -0.0304715430865084]
[-0.02066936700084921, -0.01901579566036003, 0.024000000000000004]
[-0.017856751220665608, -0.031991056851082354, 0.0004844209779402773]
[-0.020608868954182617, -0.0193313455544144, -0.023419106438512124]
[-0.030212135649336298, -0.020904342261552536, 0.024000000000000014]
[-0.03329904507917929, -0.03813939220056043, -0.004165837042556257]
[-0.028865628249875847, -0.01822434475904075, -0.028374793211522108]
[-0.03782162949589084, -0.015163375053421134, 0.024]
[-0.048056600818560745, -0.02718803739303888, -0.0033632040768846513]
[-0.0363151572487485, -0.013393480490476103, -0.02753252908990154]
[-0.014058393261518453, -0.020070671543056095, -0.033410557083115265]
[-0.022039747615123836, 1.242358555815722e-17, -0.06029874174893663]
[-0.014058393261518453, 0.020070671543056095, -0.033410557083115265]
[-0.027194902487445875, -0.021831167256804018, -0.03869565177884347]
[-0.03496683593528941, 1.0312412247480326e-17, -0.060611229790953805]
[-0.027194902487445875, 0.021831167256804018, -0.03869565177884347]
[-0.03970865472092436, -0.017628213282203584, -0.03341055708311526]
[-0.0454674865556241, 7.101764799905147e-18, -0.04641660800593622]
[-0.03970865472092436, 0.017628213282203584, -0.03341055708311526]
[-0.017683221739599977, -0.02009834526265288, -0.02898791185721764]
[-0.02421612276316786, 0.0, -0.0615874451171014]
[-0.017683221739599977, 0.02009834526265288, -0.02898791185721764]
[-0.02803026536866086, -0.020027756007922386, -0.03353522249518279]
[-0.03435093693006051, 2.632052547235291e-18, -0.05636825264809485]
[-0.02803026536866086, 0.020027756007922386, -0.03353522249518279]
[-0.03801190598483643, -0.015510846886339844, -0.0304715430865084]
[-0.04311022801690422, 6.808412320078761e-18, -0.042333495585359336]
[-0.03801190598483643, 0.015510846886339844, -0.0304715430865084]
[-0.020608868954182617, -0.0193313455544144, -0.023419106438512118]
[-0.025316560198072387, -1.5076144073166223e-17, -0.06010032707262842]
[-0.020608868954182617, 0.0193313455544144, -0.023419106438512118]
[-0.028865628249875847, -0.01822434475904075, -0.028374793211522108]
[-0.03373503792483161, -5.048307153009743e-18, -0.0521252755052359]
[-0.028865628249875847, 0.01822434475904075, -0.028374793211522108]
[-0.0363151572487485, -0.013393480490476103, -0.02753252908990154]
[-0.040752969478184346, 6.515059840252375e-18, -0.03825038316478245]
[-0.0363151572487485, 0.013393480490476103, -0.02753252908990154]

Weights
1.0
0.8729789959840699
1.0
0.783898026746665
0.6594031444427502
0.8487761554394447
1.0
0.8729789959840699
1.0
1.0
0.8626642388325373
1.0
0.7838980267471338
0.649196042301395
0.8487761554394386
1.0
0.8626642388325373
1.0
1.0
0.8523494816810047
1.0
0.7838980267476026
0.6389889401600399
0.8487761554394324
1.0
0.8523494816810047
1.0
1.0
0.8729789959840699
1.0
0.783898026746666
0.6487875197789587
0.8269607663231271
1.0
0.7702658617352194
1.0
1.0
0.8626642388325373
1.0
0.7838980267471374
0.614611145404844
0.8340703636105946
1.0
0.7722228788721532
1.0
1.0
0.8523494816810047
1.0
0.7838980267476088
0.5804347710307293
0.8411799608980621
1.0
0.7741798960090871
1.0
1.0
0.7702658617352194
1.0
0.9812210182791357
0.7579471181980799
0.9900658447254473
1.0
0.7743415116563575
1.0
1.0
0.7722228788721532
1.0
0.9812210166021287
0.7731405490216117
0.9820508425053831
1.0
0.8122037588962476
1.0
1.0
0.7741798960090871
1.0
0.9812210149251216
0.7883339798451434
0.974035840285319
1.0
0.8500660061361378
1.0
1.0
0.7743415116563573
1.0
0.9827631302862074
0.8801706772634594
0.9578034091337431
1.0
0.9377409450694704
1.0
1.0
0.8122037588962475
1.0
0.9827631290994974
0.8764098508811192
0.9677723697188358
1.0
0.9305456049982254
1.0
1.0
0.8500660061361377
1.0
0.9827631279127873
0.872649024498779
0.9777413303039286
1.0
0.9233502649269804
1.0
1.0
0.9377409450694705
1.0
0.9316467682848906
0.9044298396742892
0.98358198144441
1.0
0.9377409450694705
1.0
1.0
0.9305456049982302
1.0
0.9316467682848065
0.8973558525750002
0.9835819814442963
1.0
0.9305456049982255
1.0
1.0
0.92335026492699
1.0
0.9316467682847225
0.8902818654757111
0.9835819814441826
1.0
0.9233502649269805
1.0
1.0
0.7743415116563573
1.0
0.9827631302862074
0.8801706772634594
0.9578034091337431
1.0
0.9377409450694704
1.0
1.0
0.8122037588962481
1.0
0.9827631290995493
0.876409850881162
0.9677723697187995
1.0
0.9305456049982301
1.0
1.0
0.8500660061361388
1.0
0.9827631279128912
0.8726490244988646
0.977741330303856
1.0
0.92335026492699
1.0
1.0
0.7702658617352194
1.0
0.9812210182791357
0.7579471181980799
0.9900658447254473
1.0
0.7743415116563575
1.0
1.0
0.7722228788721527
1.0
0.9812210166020813
0.7731405490216016
0.9820508425054209
1.0
0.8122037588962481
1.0
1.0
0.774179896009086
1.0
0.9812210149250269
0.7883339798451232
0.9740358402853944
1.0
0.8500660061361387
1.0
1.0
0.8729789959840699
1.0
0.783898026746666
0.6487875197789587
0.8269607663231271
1.0
0.7702658617352194
1.0
1.0
0.8626642388325373
1.0
0.7838980267471345
0.6146111454048544
0.8340703636105938
1.0
0.7722228788721527
1.0
1.0
0.8523494816810047
1.0
0.783898026747603
0.58043477103075
0.8411799608980606
1.0
0.774179896009086
1.0
1.0
0.6092382881750656
1.0
0.9578034091337431
0.4823882742123785
0.9578034091337431
1.0
0.98358198144441
1.0
1.0
0.7616416504113386
1.0
0.9677723697187995
0.7101052450350827
0.9677723697188358
1.0
0.9835819814442963
1.0
1.0
0.9140450126476116
1.0
0.977741330303856
0.9378222158577868
0.9777413303039286
1.0
0.9835819814441826
1.0
1.0
0.6889472112628505
1.0
0.9900658447254473
0.6391585944444054
0.9900658447254473
1.0
0.6092382881750655
1.0
1.0
0.7577137061580663
1.0
0.9820508425054209
0.7403459888340025
0.9820508425053831
1.0
0.7616416504113386
1.0
1.0
0.826480201053282
1.0
0.9740358402853944
0.8415333832235996
0.9740358402853189
1.0
0.9140450126476116
1.0
1.0
0.8487761554394447
1.0
0.8269607663231271
0.42870858816105106
0.8269607663231271
1.0
0.6889472112628506
1.0
1.0
0.8487761554394386
1.0
0.8340703636105938
0.4957565523570854
0.8340703636105946
1.0
0.7577137061580663
1.0
1.0
0.8487761554394324
1.0
0.8411799608980606
0.5628045165531197
0.8411799608980621
1.0
0.826480201053282
1.0
1.0
0.7702658617352194
1.0
0.8447988154745665
0.6301699842959005
0.9292033680434041
1.0
0.7708285196170115
1.0
0.9812210182791357
0.7579471181980799
0.9900658447254473
0.8744817177808082
0.646277159229329
0.938371827310261
1.0
0.7477584227085998
1.0
1.0
0.7743415116563575
1.0
0.9041646200870499
0.6623843341627575
0.9475402865771181
1.0
0.7246883258001882
1.0
1.0
0.7708285196170115
1.0
0.6253365670156705
0.4347552859724384
0.8484087880284832
1.0
0.7708285196170115
1.0
1.0
0.7477584227085998
1.0
0.6253365671126938
0.41309092518974905
0.8484087880284858
1.0
0.7477584227085998
1.0
1.0
0.7246883258001882
1.0
0.625336567209717
0.3914265644070597
0.8484087880284885
1.0
0.7246883258001882
1.0
1.0
0.7702658617352194
1.0
0.8447988154745665
0.6301699842959005
0.9292033680434041
1.0
0.7708285196170115
1.0
0.9812210182791357
0.7579471181980799
0.9900658447254473
0.8744817177808082
0.646277159229329
0.938371827310261
1.0
0.7477584227085998
1.0
1.0
0.7743415116563575
1.0
0.9041646200870499
0.6623843341627575
0.9475402865771181
1.0
0.7246883258001882
1.0
1.0
0.6889472112628506
1.0
0.929203368043404
0.7170546078256456
0.929203368043404
1.0
0.8484087880284832
1.0
0.9900658447254473
0.6391585944444054
0.9900658447254473
0.938371827310261
0.7063051400127685
0.938371827310261
1.0
0.8484087880284858
1.0
1.0
0.6092382881750656
1.0
0.9475402865771181
0.6955556721998913
0.9475402865771181
1.0
0.8484087880284885
1.0

Patch vertices
[0.022016557478618567, -0.017438303059731656, 0.023999999999999997]
[0.021000753459727364, -0.016633731393706164, -0.027927963505144184]
[0.022016557478618567, 0.017438303059731656, 0.023999999999999997]
[0.021000753459727364, 0.016633731393706164, -0.027927963505144184]
[-0.01193331617278465, 0.025424774963266006, 0.024]
[-0.014058393261518455, 0.020070671543056095, -0.033410557083115265]
[-0.02066936700084921, 0.01901579566036003, 0.024]
[-0.020608868954182617, 0.0193313455544144, -0.023419106438512118]
[-0.02616622816211109, 0.010205475029644922, 0.023999999999999997]
[-0.030179161516945087, 0.005677051575949681, -0.011564329828884095]
[-0.02616622816211109, -0.010205475029644922, 0.023999999999999997]
[-0.030179161516945087, -0.005677051575949681, -0.011564329828884095]
[-0.02066936700084921, -0.01901579566036003, 0.024]
[-0.020608868954182617, -0.0193313455544144, -0.023419106438512118]
[-0.01193331617278465, -0.025424774963266006, 0.024]
[-0.014058393261518455, -0.020070671543056095, -0.033410557083115265]
[0.010923926963023176, -0.00865234036558947, 0.024000000000000004]
[0.010904868778320129, -0.008637245253606462, -0.02411157807267311]
[0.010923926963023176, 0.00865234036558947, 0.024000000000000004]
[0.010904868778320129, 0.008637245253606462, -0.02411157807267311]
[-0.0059209381132704735, 0.012614977842005697, 0.024000000000000004]
[-0.006441377246938466, 0.009196126797939142, -0.03341055708311527]
[-0.010255493199083246, 0.009435042837159296, 0.024000000000000004]
[-0.01240034598365719, 0.006625742538277518, -0.02341910643851211]
[-0.0129828637205564, 0.0050636373990377796, 0.024000000000000004]
[-0.015670856610603114, 0.002947870541988185, -0.00998405205864443]
[-0.012982863720556402, -0.005063637399037777, 0.024000000000000004]
[-0.015670856610603114, -0.002947870541988181, -0.00998405205864443]
[-0.010255493199083249, -0.009435042837159293, 0.024000000000000004]
[-0.01240034598365719, -0.006625742538277518, -0.02341910643851211]
[-0.005920938113270471, -0.012614977842005699, 0.024000000000000004]
[-0.006441377246938472, -0.009196126797939139, -0.03341055708311527]
[-0.04343869043193699, 0.022072976420433325, 0.024]
[-0.03970865472092436, 0.017628213282203584, -0.03341055708311526]
[-0.04343869043193699, -0.022072976420433325, 0.024]
[-0.03970865472092436, -0.017628213282203584, -0.03341055708311526]
[-0.03782162949589084, 0.015163375053421135, 0.024]
[-0.0363151572487485, 0.013393480490476103, -0.02753252908990154]
[-0.03782162949589084, -0.015163375053421135, 0.024]
[-0.0363151572487485, -0.013393480490476103, -0.02753252908990154]

Patch connectivity
[0, 1, 2, 3, 16, 17, 18, 19]
[2, 3, 4, 5, 18, 19, 20, 21]
[4, 5, 6, 7, 20, 21, 22, 23]
[6, 7, 8, 9, 22, 23, 24, 25]
[10, 11, 8, 9, 26, 27, 24, 25]
[12, 13, 10, 11, 28, 29, 26, 27]
[14, 15, 12, 13, 30, 31, 28, 29]
[0, 1, 14, 15, 16, 17, 30, 31]
[13, 7, 11, 9, 29, 23, 27, 25]
[15, 5, 13, 7, 31, 21, 29, 23]
[1, 3, 15, 5, 17, 19, 31, 21]
[4, 5, 32, 33, 6, 7, 36, 37]
[34, 35, 32, 33, 38, 39, 36, 37]
[14, 15, 34, 35, 12, 13, 38, 39]
[15, 5, 35, 33, 13, 7, 39, 37]

Number of elements per boundary
(4, 5):1
(4, 32):1
(5, 33):1
(32, 33):1
(34, 32):1
(34, 35):1
(35, 33):1
(14, 34):1
(14, 15):1
(15, 5):1
(15, 35):1
(6, 7):1
(6, 36):1
(7, 37):1
(36, 37):1
(38, 36):1
(38, 39):1
(39, 37):1
(12, 38):1
(12, 13):1
(13, 7):1
(13, 39):1
(4, 6):1
(5, 7):1
(32, 36):1
(33, 37):1
(34, 38):1
(35, 39):1
(14, 12):1
(15, 13):1
(0, 1):1
(0, 2):1
(0, 14):1
(1, 3):1
(1, 15):1
(2, 3):1
(2, 4):1
(3, 5):1
(6, 8):1
(7, 9):1
(8, 9):1
(10, 8):1
(10, 11):1
(11, 9):1
(12, 10):1
(13, 11):1
(16, 17):1
(16, 18):1
(16, 30):1
(17, 19):1
(17, 31):1
(18, 19):1
(18, 20):1
(19, 21):1
(20, 21):1
(20, 22):1
(21, 23):1
(22, 23):1
(22, 24):1
(23, 25):1
(24, 25):1
(26, 24):1
(26, 27):1
(27, 25):1
(28, 26):1
(28, 29):1
(29, 23):1
(29, 27):1
(30, 28):1
(30, 31):1
(31, 21):1
(31, 29):1
(0, 16):1
(1, 17):1
(2, 18):1
(3, 19):1
(4, 20):1
(5, 21):1
(6, 22):1
(7, 23):1
(8, 24):1
(9, 25):1
(10, 26):1
(11, 27):1
(12, 28):1
(13, 29):1
(14, 30):1
(15, 31):1


Knot values per boundary
(4, 5):[0.0, 1]
(4, 32):[0.0, 1]
(5, 33):[0.0, 1]
(32, 33):[0.0, 1]
(34, 32):[0.0, 1]
(34, 35):[0.0, 1]
(35, 33):[0.0, 1]
(14, 34):[0.0, 1]
(14, 15):[0.0, 1]
(15, 5):[0.0, 1]
(15, 35):[0.0, 1]
(6, 7):[0.0, 1]
(6, 36):[0.0, 1]
(7, 37):[0.0, 1]
(36, 37):[0.0, 1]
(38, 36):[0.0, 1]
(38, 39):[0.0, 1]
(39, 37):[0.0, 1]
(12, 38):[0.0, 1]
(12, 13):[0.0, 1]
(13, 7):[0.0, 1]
(13, 39):[0.0, 1]
(4, 6):[0.0, 1]
(5, 7):[0.0, 1]
(32, 36):[0.0, 1]
(33, 37):[0.0, 1]
(34, 38):[0.0, 1]
(35, 39):[0.0, 1]
(14, 12):[0.0, 1]
(15, 13):[0.0, 1]
(0, 1):[0.0, 1]
(0, 2):[0.0, 1]
(0, 14):[0.0, 1]
(1, 3):[0.0, 1]
(1, 15):[0.0, 1]
(2, 3):[0.0, 1]
(2, 4):[0.0, 1]
(3, 5):[0.0, 1]
(6, 8):[0.0, 1]
(7, 9):[0.0, 1]
(8, 9):[0.0, 1]
(10, 8):[0.0, 1]
(10, 11):[0.0, 1]
(11, 9):[0.0, 1]
(12, 10):[0.0, 1]
(13, 11):[0.0, 1]
(16, 17):[0.0, 1]
(16, 18):[0.0, 1]
(16, 30):[0.0, 1]
(17, 19):[0.0, 1]
(17, 31):[0.0, 1]
(18, 19):[0.0, 1]
(18, 20):[0.0, 1]
(19, 21):[0.0, 1]
(20, 21):[0.0, 1]
(20, 22):[0.0, 1]
(21, 23):[0.0, 1]
(22, 23):[0.0, 1]
(22, 24):[0.0, 1]
(23, 25):[0.0, 1]
(24, 25):[0.0, 1]
(26, 24):[0.0, 1]
(26, 27):[0.0, 1]
(27, 25):[0.0, 1]
(28, 26):[0.0, 1]
(28, 29):[0.0, 1]
(29, 23):[0.0, 1]
(29, 27):[0.0, 1]
(30, 28):[0.0, 1]
(30, 31):[0.0, 1]
(31, 21):[0.0, 1]
(31, 29):[0.0, 1]
(0, 16):[0.0, 1]
(1, 17):[0.0, 1]
(2, 18):[0.0, 1]
(3, 19):[0.0, 1]
(4, 20):[0.0, 1]
(5, 21):[0.0, 1]
(6, 22):[0.0, 1]
(7, 23):[0.0, 1]
(8, 24):[0.0, 1]
(9, 25):[0.0, 1]
(10, 26):[0.0, 1]
(11, 27):[0.0, 1]
(12, 28):[0.0, 1]
(13, 29):[0.0, 1]
(14, 30):[0.0, 1]
(15, 31):[0.0, 1]


Knot multiplicity per boundary
(4, 5):[3, 3]
(4, 32):[3, 3]
(5, 33):[3, 3]
(32, 33):[3, 3]
(34, 32):[3, 3]
(34, 35):[3, 3]
(35, 33):[3, 3]
(14, 34):[3, 3]
(14, 15):[3, 3]
(15, 5):[3, 3]
(15, 35):[3, 3]
(6, 7):[3, 3]
(6, 36):[3, 3]
(7, 37):[3, 3]
(36, 37):[3, 3]
(38, 36):[3, 3]
(38, 39):[3, 3]
(39, 37):[3, 3]
(12, 38):[3, 3]
(12, 13):[3, 3]
(13, 7):[3, 3]
(13, 39):[3, 3]
(4, 6):[3, 3]
(5, 7):[3, 3]
(32, 36):[3, 3]
(33, 37):[3, 3]
(34, 38):[3, 3]
(35, 39):[3, 3]
(14, 12):[3, 3]
(15, 13):[3, 3]
(0, 1):[3, 3]
(0, 2):[3, 3]
(0, 14):[3, 3]
(1, 3):[3, 3]
(1, 15):[3, 3]
(2, 3):[3, 3]
(2, 4):[3, 3]
(3, 5):[3, 3]
(6, 8):[3, 3]
(7, 9):[3, 3]
(8, 9):[3, 3]
(10, 8):[3, 3]
(10, 11):[3, 3]
(11, 9):[3, 3]
(12, 10):[3, 3]
(13, 11):[3, 3]
(16, 17):[3, 3]
(16, 18):[3, 3]
(16, 30):[3, 3]
(17, 19):[3, 3]
(17, 31):[3, 3]
(18, 19):[3, 3]
(18, 20):[3, 3]
(19, 21):[3, 3]
(20, 21):[3, 3]
(20, 22):[3, 3]
(21, 23):[3, 3]
(22, 23):[3, 3]
(22, 24):[3, 3]
(23, 25):[3, 3]
(24, 25):[3, 3]
(26, 24):[3, 3]
(26, 27):[3, 3]
(27, 25):[3, 3]
(28, 26):[3, 3]
(28, 29):[3, 3]
(29, 23):[3, 3]
(29, 27):[3, 3]
(30, 28):[3, 3]
(30, 31):[3, 3]
(31, 21):[3, 3]
(31, 29):[3, 3]
(0, 16):[3, 3]
(1, 17):[3, 3]
(2, 18):[3, 3]
(3, 19):[3, 3]
(4, 20):[3, 3]
(5, 21):[3, 3]
(6, 22):[3, 3]
(7, 23):[3, 3]
(8, 24):[3, 3]
(9, 25):[3, 3]
(10, 26):[3, 3]
(11, 27):[3, 3]
(12, 28):[3, 3]
(13, 29):[3, 3]
(14, 30):[3, 3]
(15, 31):[3, 3]


Boundary names
endo_r:patch3-left,patch4-left,patch5-left,patch8-left,patch11-right,patch12-right,patch13-right,patch14-right
epi:patch0-left,patch1-left,patch7-left,patch10-left,patch11-left,patch12-left,patch13-left,patch14-left
endo_l:patch0-right,patch1-right,patch2-right,patch3-right,patch4-right,patch5-right,patch6-right,patch7-right,patch8-right,patch9-right,patch10-right
septum_r:patch3-left,patch4-left,patch5-left,patch8-left
endo_r_nosep:patch11-right,patch12-right,patch13-right,patch14-right
base_r:patch11-front,patch12-front,patch13-front
base_l:patch0-front,patch1-front,patch2-front,patch3-front,patch4-front,patch5-front,patch6-front,patch7-front


