Bi-ventricle REF (idealized) multipatch geometry data

Control points
[0.02053972671060236, -0.01534510695077542, 0.0288]
[0.026329998939388637, -0.019670984693781896, -0.003092509380684219]
[0.01959206098403183, -0.014637111555671033, -0.03351355620617302]
[0.032003965823366017, 2.401545149232862e-18, 0.028800000000000027]
[0.043369526061773, -2.8267275803304263e-17, -0.012229883760258313]
[0.02646813716025144, -3.820354374797884e-17, -0.04527555335376668]
[0.02053972671060236, 0.01534510695077542, 0.0288]
[0.026329998939388637, 0.019670984693781896, -0.003092509380684219]
[0.01959206098403183, 0.014637111555671033, -0.03351355620617302]
[0.015365448226936498, -0.011479434449691777, 0.0288]
[0.02017276609451339, -0.015070952869762212, -0.0015923296228109065]
[0.014882725465542028, -0.011118795162444196, -0.031223724946690373]
[0.023941665916431053, -6.585399465292149e-19, 0.028800000000000006]
[0.03334923564476519, -1.5079548632039075e-17, -0.010141259664656694]
[0.02010600208224083, -1.7764026348984646e-17, -0.04218207748620913]
[0.015365448226936498, 0.011479434449691777, 0.0288]
[0.02017276609451339, 0.015070952869762212, -0.0015923296228109065]
[0.014882725465542028, 0.011118795162444196, -0.031223724946690373]
[0.010191169743270638, -0.007613761948608137, 0.028800000000000003]
[0.01401553324963814, -0.010470921045742527, -9.21498649375939e-05]
[0.010173389947052228, -0.007600478769217358, -0.028933893687207723]
[0.01587936600949609, -3.718625042291292e-18, 0.028799999999999985]
[0.023328945227757383, -1.8918214607738874e-18, -0.008052635569055075]
[0.013743867004230222, 2.6754910500095477e-18, -0.03908860161865157]
[0.010191169743270638, 0.007613761948608137, 0.028800000000000003]
[0.01401553324963814, 0.010470921045742527, -9.21498649375939e-05]
[0.010173389947052228, 0.007600478769217358, -0.028933893687207723]
[0.02053972671060236, 0.01534510695077542, 0.0288]
[0.026329998939388637, 0.019670984693781896, -0.003092509380684219]
[0.01959206098403183, 0.014637111555671033, -0.03351355620617302]
[0.009075489534502, 0.030690215348424258, 0.028800000000000006]
[0.007254182940504616, 0.03900873936935847, -0.0075907762625145245]
[0.007758062004655932, 0.027450107495786333, -0.04006643316137776]
[-0.008890665726574163, 0.024048050723817258, 0.0288]
[-0.004858387199183506, 0.03161406485749625, 0.0027558804773750796]
[-0.008343506779493961, 0.025163295028013913, -0.024579488800140943]
[0.015365448226936498, 0.011479434449691777, 0.0288]
[0.02017276609451339, 0.015070952869762212, -0.0015923296228109065]
[0.014882725465542028, 0.011118795162444196, -0.031223724946690373]
[0.006789231674051389, 0.022958869748552217, 0.02879999999999999]
[0.00675671569581025, 0.03041099684441314, -0.0065784235890008974]
[0.005904079147361704, 0.020600589897520328, -0.03818141600057144]
[-0.006650967943704825, 0.017989970536697583, 0.0288]
[-0.005242078489457888, 0.02384235730680867, 0.002756232030038961]
[-0.006272830522261196, 0.01891831447663335, -0.02457948880014094]
[0.010191169743270638, 0.007613761948608137, 0.028800000000000003]
[0.01401553324963814, 0.010470921045742527, -9.21498649375939e-05]
[0.010173389947052228, 0.007600478769217358, -0.028933893687207723]
[0.004502973813600778, 0.015227524148680175, 0.02879999999999997]
[0.0062592484511158845, 0.021813254319467814, -0.00556607091548727]
[0.004050096290067476, 0.01375107229925432, -0.03629639883976512]
[-0.004411270160835488, 0.011931890349577912, 0.028800000000000003]
[-0.005625769779732269, 0.016070649756121085, 0.0027565835827028417]
[-0.004202154265028431, 0.012673333925252786, -0.024579488800140936]
[-0.008890665726574163, 0.024048050723817258, 0.0288]
[-0.004858387199183505, 0.03161406485749625, 0.0027558804773750796]
[-0.008343506779493961, 0.025163295028013913, -0.024579488800140943]
[-0.01326260426096154, 0.022431726620211166, 0.028799999999999996]
[-0.011078705305142175, 0.029513946099891334, 0.005650945233753381]
[-0.012810033566054917, 0.02461571048746837, -0.01984316120820753]
[-0.01678589934803359, 0.019380048084425738, 0.0288]
[-0.016281638767401137, 0.025687338108375982, 0.00909125300699426]
[-0.01652932719919096, 0.022632245636656795, -0.013949345008061685]
[-0.006650967943704825, 0.017989970536697583, 0.0288]
[-0.005242078489457887, 0.02384235730680867, 0.002756232030038961]
[-0.006272830522261196, 0.01891831447663335, -0.02457948880014094]
[-0.00992154676635449, 0.016780823760805544, 0.02879999999999999]
[-0.01036960728538381, 0.021869819170251444, 0.005252106450226193]
[-0.010762433673585828, 0.01813620663131401, -0.020516987195340283]
[-0.012557268702199458, 0.01449791078880672, 0.0288]
[-0.014110719010250444, 0.018264999601679488, 0.008984760504261426]
[-0.014086179609860564, 0.015576481088013704, -0.013949345008061685]
[-0.004411270160835488, 0.011931890349577912, 0.028800000000000003]
[-0.005625769779732269, 0.016070649756121085, 0.0027565835827028417]
[-0.004202154265028431, 0.012673333925252786, -0.024579488800140936]
[-0.006580489271747441, 0.011129920901399921, 0.028799999999999982]
[-0.009660509265625443, 0.014225692240611551, 0.004853267666699005]
[-0.008714833781116737, 0.011656702775159648, -0.021190813182473036]
[-0.008328638056365327, 0.009615773493187705, 0.028800000000000003]
[-0.011939799253099749, 0.010842661094982995, 0.008878268001528591]
[-0.011643032020530169, 0.00852071653937061, -0.013949345008061687]
[-0.01678589934803359, 0.019380048084425738, 0.0288]
[-0.016281638767401133, 0.025687338108375982, 0.009091253006994258]
[-0.01652932719919096, 0.022632245636656795, -0.013949345008061685]
[-0.021002818962466266, 0.01572759129493514, 0.028800000000000003]
[-0.024634938553130616, 0.01937591110310967, 0.014065680350297491]
[-0.025603113594619854, 0.016509962142951053, -0.009890634492083298]
[-0.023320854483620784, 0.010653188575762309, 0.0288]
[-0.027780234265628923, 0.0090631144168999, 0.013817283116782618]
[-0.028024361029037676, 0.006097842337153975, -0.0032620087560462628]
[-0.012557268702199458, 0.01449791078880672, 0.0288]
[-0.014110719010250442, 0.018264999601679488, 0.008984760504261426]
[-0.014086179609860564, 0.015576481088013704, -0.013949345008061685]
[-0.01571188029590055, 0.011765565003939412, 0.028799999999999985]
[-0.019202819253264957, 0.013734929461930091, 0.01348553077231489]
[-0.019708902694918658, 0.011336744764940827, -0.009366231252253623]
[-0.017445966405727622, 0.007969483714122243, 0.0288]
[-0.02112288288729947, 0.006871730400445076, 0.01410284351250637]
[-0.02128815706945459, 0.004632106520594645, -0.0030391303013591704]
[-0.008328638056365327, 0.009615773493187705, 0.028800000000000003]
[-0.01193979925309975, 0.010842661094982997, 0.008878268001528593]
[-0.011643032020530169, 0.00852071653937061, -0.013949345008061687]
[-0.010420941629334837, 0.007803538712943682, 0.02879999999999997]
[-0.013770699953399296, 0.008093947820750515, 0.012905381194332289]
[-0.013814691795217464, 0.006163527386930601, -0.008841828012423947]
[-0.011571078327834458, 0.005285778852482177, 0.028800000000000003]
[-0.014465531508970014, 0.004680346383990252, 0.01438840390823012]
[-0.0145519531098715, 0.0031663707040353157, -0.0028162518466720785]
[-0.023320854483620784, -0.010653188575762309, 0.0288]
[-0.02778023426562893, -0.009063114416899899, 0.013817283116782621]
[-0.028024361029037676, -0.006097842337153975, -0.0032620087560462628]
[-0.028187332549871522, -1.441521370938698e-17, 0.028800000000000017]
[-0.030436671728798544, -6.739408234496824e-18, 0.013433818358125519]
[-0.02934757822356839, -2.6663011401320986e-19, -0.0034160299688845417]
[-0.023320854483620784, 0.010653188575762309, 0.0288]
[-0.02778023426562893, 0.009063114416899899, 0.013817283116782621]
[-0.028024361029037676, 0.006097842337153975, -0.0032620087560462628]
[-0.017445966405727622, -0.007969483714122242, 0.0288]
[-0.021122882887299466, -0.0068717304004450724, 0.014102843512506388]
[-0.02128815706945459, -0.004632106520594643, -0.0030391303013591704]
[-0.02108650251548502, -6.133800135777695e-18, 0.028799999999999992]
[-0.023134824937928615, 1.547969349884932e-17, 0.013722274602514153]
[-0.022293313099416727, 2.9270106444986526e-19, -0.0031826279342583117]
[-0.017445966405727622, 0.007969483714122243, 0.0288]
[-0.021122882887299473, 0.006871730400445076, 0.014102843512506371]
[-0.02128815706945459, 0.004632106520594645, -0.0030391303013591704]
[-0.011571078327834458, -0.005285778852482175, 0.028800000000000003]
[-0.014465531508970002, -0.004680346383990247, 0.014388403908230157]
[-0.014551953109871502, -0.0031663707040353118, -0.0028162518466720785]
[-0.013985672481098515, 2.147613437831589e-18, 0.02879999999999997]
[-0.015832978147058686, 3.769879523219546e-17, 0.014010730846902787]
[-0.015239047975265067, 8.520322429129403e-19, -0.0029492258996320813]
[-0.011571078327834458, 0.005285778852482177, 0.028800000000000003]
[-0.014465531508970014, 0.004680346383990253, 0.014388403908230122]
[-0.0145519531098715, 0.0031663707040353157, -0.0028162518466720785]
[-0.01678589934803359, -0.019380048084425738, 0.0288]
[-0.016281638767401133, -0.025687338108375982, 0.009091253006994258]
[-0.01652932719919096, -0.022632245636656795, -0.013949345008061685]
[-0.021002818962466266, -0.01572759129493514, 0.028800000000000003]
[-0.024634938553130616, -0.01937591110310967, 0.014065680350297491]
[-0.025603113594619854, -0.016509962142951053, -0.009890634492083298]
[-0.023320854483620784, -0.010653188575762309, 0.0288]
[-0.027780234265628923, -0.0090631144168999, 0.013817283116782618]
[-0.028024361029037676, -0.006097842337153975, -0.0032620087560462628]
[-0.01255726870219946, -0.01449791078880672, 0.0288]
[-0.014110719010250433, -0.01826499960167948, 0.008984760504261438]
[-0.014086179609860564, -0.015576481088013704, -0.013949345008061685]
[-0.015711880295900572, -0.011765565003939422, 0.028799999999999992]
[-0.019202819253264704, -0.013734929461929973, 0.013485530772315402]
[-0.019708902694918658, -0.011336744764940839, -0.009366231252253653]
[-0.017445966405727622, -0.007969483714122242, 0.0288]
[-0.021122882887299462, -0.006871730400445074, 0.014102843512506388]
[-0.02128815706945459, -0.004632106520594643, -0.0030391303013591704]
[-0.008328638056365328, -0.009615773493187704, 0.028800000000000003]
[-0.011939799253099735, -0.010842661094982983, 0.008878268001528617]
[-0.011643032020530169, -0.00852071653937061, -0.013949345008061687]
[-0.01042094162933488, -0.007803538712943702, 0.028799999999999985]
[-0.013770699953398795, -0.008093947820750277, 0.012905381194333312]
[-0.013814691795217464, -0.006163527386930627, -0.008841828012424007]
[-0.011571078327834458, -0.005285778852482175, 0.028800000000000003]
[-0.01446553150897, -0.004680346383990248, 0.014388403908230159]
[-0.014551953109871502, -0.0031663707040353118, -0.0028162518466720785]
[-0.008890665726574163, -0.024048050723817258, 0.0288]
[-0.004858387199183505, -0.03161406485749625, 0.0027558804773750796]
[-0.008343506779493961, -0.025163295028013913, -0.024579488800140943]
[-0.01326260426096154, -0.022431726620211166, 0.028799999999999996]
[-0.011078705305142175, -0.029513946099891334, 0.005650945233753381]
[-0.012810033566054917, -0.02461571048746837, -0.01984316120820753]
[-0.01678589934803359, -0.019380048084425738, 0.0288]
[-0.016281638767401137, -0.025687338108375982, 0.00909125300699426]
[-0.01652932719919096, -0.022632245636656795, -0.013949345008061685]
[-0.006650967943704827, -0.017989970536697583, 0.0288]
[-0.005242078489457894, -0.023842357306808684, 0.0027562320300390077]
[-0.006272830522261196, -0.01891831447663335, -0.02457948880014094]
[-0.009921546766354494, -0.016780823760805526, 0.028799999999999996]
[-0.010369607285383744, -0.0218698191702514, 0.005252106450225998]
[-0.010762433673585828, -0.01813620663131401, -0.020516987195340283]
[-0.01255726870219946, -0.01449791078880672, 0.0288]
[-0.014110719010250435, -0.01826499960167948, 0.008984760504261438]
[-0.014086179609860564, -0.015576481088013704, -0.013949345008061685]
[-0.004411270160835492, -0.011931890349577912, 0.028800000000000003]
[-0.005625769779732283, -0.016070649756121116, 0.0027565835827029358]
[-0.004202154265028431, -0.012673333925252786, -0.024579488800140936]
[-0.006580489271747447, -0.011129920901399887, 0.028799999999999996]
[-0.009660509265625315, -0.014225692240611465, 0.004853267666698616]
[-0.008714833781116737, -0.011656702775159648, -0.021190813182473036]
[-0.008328638056365328, -0.009615773493187704, 0.028800000000000003]
[-0.011939799253099733, -0.010842661094982983, 0.008878268001528616]
[-0.011643032020530169, -0.00852071653937061, -0.013949345008061687]
[0.02053972671060236, -0.01534510695077542, 0.0288]
[0.026329998939388637, -0.019670984693781896, -0.003092509380684219]
[0.01959206098403183, -0.014637111555671033, -0.03351355620617302]
[0.009075489534502, -0.030690215348424258, 0.028800000000000006]
[0.007254182940504616, -0.03900873936935847, -0.0075907762625145245]
[0.007758062004655932, -0.027450107495786333, -0.04006643316137776]
[-0.008890665726574163, -0.024048050723817258, 0.0288]
[-0.004858387199183506, -0.03161406485749625, 0.0027558804773750796]
[-0.008343506779493961, -0.025163295028013913, -0.024579488800140943]
[0.015365448226936498, -0.011479434449691777, 0.0288]
[0.02017276609451339, -0.015070952869762212, -0.0015923296228109065]
[0.014882725465542028, -0.011118795162444196, -0.031223724946690373]
[0.006789231674047905, -0.022958869748540434, 0.028799999999999985]
[0.00675671569578596, -0.03041099684432343, -0.006578423589044226]
[0.005904079147361704, -0.020600589897520328, -0.03818141600057144]
[-0.006650967943704827, -0.017989970536697583, 0.0288]
[-0.005242078489457895, -0.023842357306808684, 0.0027562320300390077]
[-0.006272830522261196, -0.01891831447663335, -0.02457948880014094]
[0.010191169743270638, -0.007613761948608137, 0.028800000000000003]
[0.01401553324963814, -0.010470921045742527, -9.21498649375939e-05]
[0.010173389947052228, -0.007600478769217358, -0.028933893687207723]
[0.004502973813593809, -0.015227524148656609, 0.028799999999999965]
[0.006259248451067305, -0.02181325431928839, -0.005566070915573927]
[0.004050096290067476, -0.01375107229925432, -0.03629639883976512]
[-0.004411270160835492, -0.011931890349577912, 0.028800000000000003]
[-0.005625769779732283, -0.016070649756121116, 0.0027565835827029358]
[-0.004202154265028431, -0.012673333925252786, -0.024579488800140936]
[-0.01652932719919096, -0.022632245636656795, -0.013949345008061685]
[-0.02055521756274393, -1.0162097366602507e-17, -0.18401521395955056]
[-0.01652932719919096, 0.022632245636656795, -0.013949345008061685]
[-0.025603113594619854, -0.016509962142951053, -0.009890634492083298]
[-0.03356295807254997, -3.385524870099882e-18, -0.08756100872761075]
[-0.025603113594619854, 0.016509962142951053, -0.009890634492083298]
[-0.028024361029037676, -0.006097842337153975, -0.0032620087560462628]
[-0.02934757822356839, -2.6663011401320986e-19, -0.0034160299688845417]
[-0.028024361029037676, 0.006097842337153975, -0.0032620087560462628]
[-0.014086179609860564, -0.015576481088013704, -0.013949345008061685]
[-0.018921327559270958, -2.7170855760290976e-18, -0.10236351901136342]
[-0.014086179609860564, 0.015576481088013704, -0.013949345008061685]
[-0.019708902694918658, -0.011336744764940839, -0.009366231252253653]
[-0.024699111677065618, -7.05588548416304e-17, -0.04951655118848591]
[-0.019708902694918658, 0.011336744764940827, -0.009366231252253623]
[-0.02128815706945459, -0.004632106520594643, -0.0030391303013591704]
[-0.022293313099416727, 2.9270106444986526e-19, -0.0031826279342583117]
[-0.02128815706945459, 0.004632106520594645, -0.0030391303013591704]
[-0.011643032020530169, -0.00852071653937061, -0.013949345008061687]
[-0.01728743755579799, 4.727926214544312e-18, -0.02071182406317629]
[-0.011643032020530169, 0.00852071653937061, -0.013949345008061687]
[-0.013814691795217464, -0.006163527386930627, -0.008841828012424007]
[-0.015835265281581266, -1.377321848131609e-16, -0.011472093649361088]
[-0.013814691795217464, 0.006163527386930601, -0.008841828012423947]
[-0.014551953109871502, -0.0031663707040353118, -0.0028162518466720785]
[-0.015239047975265067, 8.520322429129403e-19, -0.0029492258996320813]
[-0.0145519531098715, 0.0031663707040353157, -0.0028162518466720785]
[-0.008343506779493961, -0.025163295028013913, -0.024579488800140943]
[-0.02723372838890032, -1.6001024763546e-17, -0.134339540079739]
[-0.008343506779493961, 0.025163295028013913, -0.024579488800140943]
[-0.012810033566054917, -0.02461571048746837, -0.01984316120820753]
[-0.026191666069190184, -1.4826193050949975e-17, -0.16260083762327282]
[-0.012810033566054917, 0.02461571048746837, -0.01984316120820753]
[-0.01652932719919096, -0.022632245636656795, -0.013949345008061685]
[-0.020555217562743915, -1.1551594298757444e-17, -0.18401521395955053]
[-0.01652932719919096, 0.022632245636656795, -0.013949345008061685]
[-0.006272830522261196, -0.01891831447663335, -0.02457948880014094]
[-0.0211828372600414, -9.555529839482688e-18, -0.11142510635047245]
[-0.006272830522261196, 0.01891831447663335, -0.02457948880014094]
[-0.010762433673585828, -0.018136206631314006, -0.02051698719534028]
[-0.022317140148654956, -7.076410183980504e-18, -0.11075578226332473]
[-0.010762433673585828, 0.018136206631314006, -0.02051698719534028]
[-0.014086179609860564, -0.015576481088013704, -0.013949345008061685]
[-0.01892132755927095, -3.4118340421065657e-18, -0.10236351901136341]
[-0.014086179609860564, 0.015576481088013704, -0.013949345008061685]
[-0.004202154265028431, -0.012673333925252786, -0.024579488800140936]
[-0.015131946131182478, -3.1100349154193782e-18, -0.0885106726212059]
[-0.004202154265028431, 0.012673333925252786, -0.024579488800140936]
[-0.008714833781116737, -0.011656702775159644, -0.02119081318247303]
[-0.018442614228119728, 6.733726829889683e-19, -0.058910726903376655]
[-0.008714833781116737, 0.011656702775159644, -0.02119081318247303]
[-0.011643032020530169, -0.00852071653937061, -0.013949345008061687]
[-0.01728743755579799, 4.727926214544312e-18, -0.02071182406317629]
[-0.011643032020530169, 0.00852071653937061, -0.013949345008061687]
[0.01959206098403183, -0.014637111555671033, -0.03351355620617302]
[0.02646813716025144, -3.820354374797884e-17, -0.04527555335376668]
[0.01959206098403183, 0.014637111555671033, -0.03351355620617302]
[0.007758062004655934, -0.027450107495786337, -0.04006643316137776]
[0.006253439460972123, -7.942478154008131e-17, -0.22404148843813307]
[0.007758062004655934, 0.027450107495786337, -0.04006643316137776]
[-0.008343506779493961, -0.025163295028013913, -0.024579488800140943]
[-0.027233728388900324, -1.747321119418942e-17, -0.134339540079739]
[-0.008343506779493961, 0.025163295028013913, -0.024579488800140943]
[0.014882725465542028, -0.011118795162444196, -0.031223724946690373]
[0.02010600208224083, -1.7764026348984646e-17, -0.04218207748620913]
[0.014882725465542028, 0.011118795162444196, -0.031223724946690373]
[0.005904079147361705, -0.020600589897520328, -0.03818141600057144]
[0.004313455436372743, -4.02483339252008e-17, -0.19027998769882812]
[0.005904079147361705, 0.020600589897520328, -0.03818141600057144]
[-0.006272830522261196, -0.01891831447663335, -0.02457948880014094]
[-0.0211828372600414, -1.0291623054804399e-17, -0.11142510635047245]
[-0.006272830522261196, 0.01891831447663335, -0.02457948880014094]
[0.010173389947052228, -0.007600478769217358, -0.028933893687207723]
[0.013743867004230222, 2.6754910500095477e-18, -0.03908860161865157]
[0.010173389947052228, 0.007600478769217358, -0.028933893687207723]
[0.004050096290067476, -0.013751072299254319, -0.03629639883976512]
[0.0023734714117733644, -1.071886310320295e-18, -0.15651848695952317]
[0.004050096290067476, 0.013751072299254319, -0.03629639883976512]
[-0.004202154265028431, -0.012673333925252786, -0.024579488800140936]
[-0.015131946131182478, -3.1100349154193782e-18, -0.0885106726212059]
[-0.004202154265028431, 0.012673333925252786, -0.024579488800140936]
[-0.008890665726574163, 0.024048050723817258, 0.0288]
[-0.004858387199183509, 0.031614064857496245, 0.0027558804773750796]
[-0.00834350677949396, 0.025163295028013913, -0.024579488800140943]
[-0.026620952615385433, 0.026613371848961443, 0.028799999999999996]
[-0.03195582782086183, 0.03676637899023724, -0.0011742457652673907]
[-0.02635771584415572, 0.02635629583431635, -0.03055179026912209]
[-0.03875351224086747, 0.016455707181391287, 0.028799999999999992]
[-0.04655668175717534, 0.021841523787163464, 0.002735327332986707]
[-0.03989703182113917, 0.017244974508159174, -0.02457948880014094]
[-0.01326260426096154, 0.022431726620211166, 0.028799999999999996]
[-0.011078705305142175, 0.029513946099891334, 0.005650945233753381]
[-0.012810033566054917, 0.02461571048746837, -0.01984316120820753]
[-0.027083140117301622, 0.022724509065438513, 0.028799999999999992]
[-0.03202778102230025, 0.0315764167853033, 0.0020191827975569675]
[-0.027349419539839756, 0.023810119069626077, -0.025755267724621955]
[-0.036774589363683795, 0.014757564665244683, 0.028799999999999992]
[-0.044661897858073465, 0.020068246105127863, 0.003519833905826882]
[-0.03823478791613068, 0.015735713714981336, -0.023479908399061375]
[-0.01678589934803359, 0.019380048084425738, 0.028799999999999996]
[-0.016281638767401133, 0.02568733810837599, 0.009091253006994256]
[-0.01652932719919096, 0.022632245636656795, -0.013949345008061685]
[-0.02754532761921781, 0.018835646281915586, 0.028799999999999985]
[-0.03209973422373868, 0.02638645458036935, 0.005212611360381325]
[-0.02834112323552379, 0.021263942304935803, -0.020958745180121818]
[-0.03479566648650012, 0.01305942214909808, 0.028799999999999996]
[-0.042767113958971585, 0.01829496842309226, 0.004304340478667057]
[-0.036572544011122185, 0.014226452921803499, -0.022380327997981807]
[-0.03875351224086747, -0.016455707181391287, 0.028799999999999992]
[-0.04655668175717534, -0.021841523787163464, 0.002735327332986707]
[-0.03989703182113917, -0.017244974508159174, -0.02457948880014094]
[-0.0584086057191417, -2.3433868141259452e-17, 0.028800000000000023]
[-0.07751664013161975, -1.155895002300747e-17, -0.007333574309775952]
[-0.05422507762307284, 7.214628240596999e-18, -0.03867490065436949]
[-0.03875351224086747, 0.016455707181391287, 0.028799999999999992]
[-0.04655668175717534, 0.021841523787163464, 0.002735327332986707]
[-0.03989703182113917, 0.017244974508159174, -0.02457948880014094]
[-0.036774589363683795, -0.014757564665244683, 0.028799999999999992]
[-0.044661897858073465, -0.020068246105127863, 0.003519833905826882]
[-0.03823478791613068, -0.015735713714981336, -0.023479908399061375]
[-0.05479825469303422, -1.1209831812406415e-17, 0.028800000000000013]
[-0.07403944884366159, -1.4408528633246354e-18, -0.006106330507680724]
[-0.051609599391924034, 9.735868711953562e-18, -0.036944752272561]
[-0.036774589363683795, 0.014757564665244683, 0.028799999999999992]
[-0.044661897858073465, 0.020068246105127863, 0.003519833905826882]
[-0.03823478791613068, 0.015735713714981336, -0.023479908399061375]
[-0.03479566648650012, -0.01305942214909808, 0.028799999999999996]
[-0.042767113958971585, -0.01829496842309226, 0.004304340478667057]
[-0.036572544011122185, -0.014226452921803499, -0.022380327997981807]
[-0.05118790366692674, 1.0142045164466239e-18, 0.028800000000000003]
[-0.07056225755570343, 8.677244296358198e-18, -0.004879086705585495]
[-0.04899412116077523, 1.2257109183310126e-17, -0.03521460389075251]
[-0.03479566648650012, 0.01305942214909808, 0.028799999999999996]
[-0.042767113958971585, 0.01829496842309226, 0.004304340478667057]
[-0.036572544011122185, 0.014226452921803499, -0.022380327997981807]
[-0.008890665726574163, -0.024048050723817258, 0.0288]
[-0.004858387199183509, -0.031614064857496245, 0.0027558804773750796]
[-0.00834350677949396, -0.025163295028013913, -0.024579488800140943]
[-0.026620952615385433, -0.026613371848961443, 0.028799999999999996]
[-0.03195582782086183, -0.03676637899023724, -0.0011742457652673907]
[-0.02635771584415572, -0.02635629583431635, -0.03055179026912209]
[-0.03875351224086747, -0.016455707181391287, 0.028799999999999992]
[-0.04655668175717534, -0.021841523787163464, 0.002735327332986707]
[-0.03989703182113917, -0.017244974508159174, -0.02457948880014094]
[-0.01326260426096154, -0.022431726620211166, 0.028799999999999996]
[-0.011078705305142175, -0.029513946099891334, 0.005650945233753381]
[-0.012810033566054917, -0.02461571048746837, -0.01984316120820753]
[-0.027083140117301622, -0.022724509065438513, 0.028799999999999992]
[-0.03202778102230025, -0.0315764167853033, 0.0020191827975569675]
[-0.027349419539839756, -0.023810119069626077, -0.025755267724621955]
[-0.036774589363683795, -0.014757564665244683, 0.028799999999999992]
[-0.044661897858073465, -0.020068246105127863, 0.003519833905826882]
[-0.03823478791613068, -0.015735713714981336, -0.023479908399061375]
[-0.01678589934803359, -0.019380048084425738, 0.028799999999999996]
[-0.016281638767401133, -0.02568733810837599, 0.009091253006994256]
[-0.01652932719919096, -0.022632245636656795, -0.013949345008061685]
[-0.02754532761921781, -0.018835646281915586, 0.028799999999999985]
[-0.03209973422373868, -0.02638645458036935, 0.005212611360381325]
[-0.02834112323552379, -0.021263942304935803, -0.020958745180121818]
[-0.03479566648650012, -0.01305942214909808, 0.028799999999999996]
[-0.042767113958971585, -0.01829496842309226, 0.004304340478667057]
[-0.036572544011122185, -0.014226452921803499, -0.022380327997981807]
[-0.00834350677949396, -0.025163295028013913, -0.024579488800140936]
[-0.027233728388900324, -1.747321119418942e-17, -0.134339540079739]
[-0.00834350677949396, 0.025163295028013913, -0.024579488800140936]
[-0.02635771584415572, -0.02635629583431635, -0.0305517902691221]
[-0.05000467071893201, 0.0, -0.10520914186737873]
[-0.02635771584415572, 0.02635629583431635, -0.0305517902691221]
[-0.03989703182113917, -0.017244974508159174, -0.02457948880014094]
[-0.05422507762307284, 7.214628240596999e-18, -0.03867490065436949]
[-0.03989703182113917, 0.017244974508159174, -0.02457948880014094]
[-0.012810033566054917, -0.02461571048746837, -0.01984316120820753]
[-0.026191666069190184, -1.4826193050949975e-17, -0.16260083762327282]
[-0.012810033566054917, 0.02461571048746837, -0.01984316120820753]
[-0.027349419539839756, -0.023810119069626077, -0.025755267724621958]
[-0.0470129709331869, 2.285135639408066e-18, -0.10724322706078934]
[-0.027349419539839756, 0.023810119069626077, -0.025755267724621958]
[-0.03823478791613068, -0.015735713714981336, -0.023479908399061375]
[-0.051609599391924034, 9.735868711953562e-18, -0.036944752272561]
[-0.03823478791613068, 0.015735713714981336, -0.023479908399061375]
[-0.01652932719919096, -0.022632245636656795, -0.013949345008061685]
[-0.020555217562743932, -1.0162097366602507e-17, -0.18401521395955056]
[-0.01652932719919096, 0.022632245636656795, -0.013949345008061685]
[-0.02834112323552379, -0.021263942304935803, -0.020958745180121818]
[-0.04402127114744178, 4.570271278816132e-18, -0.10927731225419997]
[-0.02834112323552379, 0.021263942304935803, -0.020958745180121818]
[-0.036572544011122185, -0.014226452921803499, -0.022380327997981807]
[-0.04899412116077523, 1.2257109183310126e-17, -0.03521460389075251]
[-0.036572544011122185, 0.014226452921803499, -0.022380327997981807]

Weights
1.0
0.872978995984079
1.0
0.8011156427653682
0.6767437940853154
0.860356430779534
1.0
0.872978995984079
1.0
1.0
0.862664238832554
1.0
0.8011158101702934
0.6665379663270673
0.860356430779537
1.0
0.862664238832554
1.0
1.0
0.8523494816810291
1.0
0.8011159775752187
0.6563321385688192
0.86035643077954
1.0
0.8523494816810291
1.0
1.0
0.872978995984079
1.0
0.8011156427638788
0.7154524974066583
0.8514452592936822
1.0
0.8744502452249305
1.0
1.0
0.862664238832554
1.0
0.8011158101633831
0.6938960892920394
0.8550163033855089
1.0
0.8746987889155253
1.0
1.0
0.8523494816810291
1.0
0.8011159775628873
0.6723396811774205
0.8585873474773357
1.0
0.8749473326061201
1.0
1.0
0.8744502452249305
1.0
0.9838730318475886
0.873683865363333
0.9853091231979887
1.0
0.9037353304561582
1.0
1.0
0.8746987889155253
1.0
0.9838730309404596
0.8693889841046257
0.9693863652794161
1.0
0.9091281626509904
1.0
1.0
0.8749473326061201
1.0
0.9838730300333307
0.8650941028459185
0.9534636073608435
1.0
0.9145209948458226
1.0
1.0
0.9037353304561583
1.0
0.9771358872660536
0.8855374043596091
0.9327826109094954
1.0
0.9613179414052421
1.0
1.0
0.9091281626509904
1.0
0.9771358872661198
0.8991538251519997
0.9532394140398065
1.0
0.9557748893594342
1.0
1.0
0.9145209948458225
1.0
0.9771358872661859
0.9127702459443903
0.9736962171701176
1.0
0.9502318373136265
1.0
1.0
0.961317941405242
1.0
0.9095890843659851
0.9165938411384265
0.9771961036641925
1.0
0.961317941405242
1.0
1.0
0.9557748893594413
1.0
0.9095890843665794
0.9111726488390656
0.9771961036641417
1.0
0.9557748893594342
1.0
1.0
0.9502318373136407
1.0
0.9095890843671737
0.9057514565397047
0.9771961036640908
1.0
0.9502318373136265
1.0
1.0
0.9037353304561583
1.0
0.9771358872660536
0.8855374043596091
0.9327826109094954
1.0
0.9613179414052421
1.0
1.0
0.9091281626509982
1.0
0.9771358872660223
0.8991538251521185
0.9532394140397833
1.0
0.9557748893594413
1.0
1.0
0.9145209948458382
1.0
0.977135887265991
0.9127702459446279
0.9736962171700712
1.0
0.9502318373136407
1.0
1.0
0.8744502452249305
1.0
0.9838730318475886
0.873683865363333
0.9853091231979887
1.0
0.9037353304561582
1.0
1.0
0.874698788915516
1.0
0.9838730309405426
0.8693889841046828
0.9693863652794161
1.0
0.9091281626509982
1.0
1.0
0.8749473326061015
1.0
0.9838730300334967
0.8650941028460326
0.9534636073608435
1.0
0.9145209948458382
1.0
1.0
0.872978995984079
1.0
0.8011156427638788
0.7154524974066583
0.8514452592936822
1.0
0.8744502452249305
1.0
1.0
0.862664238832554
1.0
0.8011158101678699
0.6938960893006
0.8550163033855089
1.0
0.874698788915516
1.0
1.0
0.8523494816810291
1.0
0.8011159775718609
0.6723396811945417
0.8585873474773357
1.0
0.8749473326061015
1.0
1.0
0.27600379914141454
1.0
0.9327826109094954
0.41201121400127017
0.9327826109094954
1.0
0.9771961036641925
1.0
1.0
0.5483361209013857
1.0
0.9532394140397833
0.6597633767150901
0.9532394140398065
1.0
0.9771961036641417
1.0
1.0
0.820668442661357
1.0
0.9736962171700712
0.9075155394289101
0.9736962171701176
1.0
0.9771961036640908
1.0
1.0
0.39850996541934003
1.0
0.9853091231979887
0.3225660054783659
0.9853091231979887
1.0
0.2760037991414146
1.0
1.0
0.46274163005033525
1.0
0.9693863652794161
0.4686074251349691
0.9693863652794161
1.0
0.5483361209013857
1.0
1.0
0.5269732946813305
1.0
0.9534636073608436
0.6146488447915723
0.9534636073608436
1.0
0.820668442661357
1.0
1.0
0.860356430779534
1.0
0.8514452592936821
0.2709597180216575
0.8514452592936821
1.0
0.39850996541934
1.0
1.0
0.860356430779537
1.0
0.8550163033855089
0.32854498995260534
0.8550163033855089
1.0
0.4627416300503352
1.0
1.0
0.86035643077954
1.0
0.8585873474773358
0.38613026188355315
0.8585873474773358
1.0
0.5269732946813305
1.0
1.0
0.8744502452249305
1.0
0.8723338203713802
0.7525333723260506
0.8969496906135311
1.0
0.8783403804569734
1.0
0.9838730318475886
0.873683865363333
0.9853091231979887
0.9001494309195324
0.7821332910297423
0.9139570816127721
1.0
0.8709458233138971
1.0
1.0
0.9037353304561582
1.0
0.9279650414676845
0.811733209733434
0.9309644726120131
1.0
0.8635512661708209
1.0
1.0
0.8783403804569734
1.0
0.7403544990123955
0.6173232543743696
0.7972083148692103
1.0
0.8783403804569734
1.0
1.0
0.8709458233138971
1.0
0.7403544990197493
0.6101709564730555
0.7972083148692077
1.0
0.8709458233138971
1.0
1.0
0.8635512661708209
1.0
0.7403544990271029
0.6030186585717414
0.7972083148692052
1.0
0.8635512661708209
1.0
1.0
0.8744502452249305
1.0
0.8723338203713802
0.7525333723260506
0.8969496906135311
1.0
0.8783403804569734
1.0
0.9838730318475886
0.873683865363333
0.9853091231979887
0.9001494309195324
0.7821332910297423
0.9139570816127721
1.0
0.8709458233138971
1.0
1.0
0.9037353304561582
1.0
0.9279650414676845
0.811733209733434
0.9309644726120131
1.0
0.8635512661708209
1.0
1.0
0.39850996541934
1.0
0.896949690613531
0.4874781011487549
0.896949690613531
1.0
0.7972083148692103
1.0
0.9853091231979887
0.3225660054783659
0.9853091231979887
0.913957081612772
0.4584093032986028
0.913957081612772
1.0
0.7972083148692077
1.0
1.0
0.27600379914141454
1.0
0.930964472612013
0.4293405054484507
0.930964472612013
1.0
0.7972083148692052
1.0

Patch vertices
[0.02053972671060236, -0.01534510695077542, 0.0288]
[0.019592060984031833, -0.014637111555671033, -0.03351355620617302]
[0.02053972671060236, 0.01534510695077542, 0.0288]
[0.019592060984031833, 0.014637111555671033, -0.03351355620617302]
[-0.008890665726574163, 0.024048050723817258, 0.0288]
[-0.008343506779493961, 0.025163295028013913, -0.02457948880014094]
[-0.01678589934803359, 0.019380048084425738, 0.0288]
[-0.01652932719919096, 0.022632245636656795, -0.013949345008061685]
[-0.023320854483620784, 0.01065318857576231, 0.0288]
[-0.028024361029037676, 0.006097842337153975, -0.0032620087560462623]
[-0.023320854483620784, -0.01065318857576231, 0.0288]
[-0.028024361029037676, -0.006097842337153975, -0.0032620087560462623]
[-0.01678589934803359, -0.019380048084425738, 0.0288]
[-0.01652932719919096, -0.022632245636656795, -0.013949345008061685]
[-0.008890665726574163, -0.024048050723817258, 0.0288]
[-0.008343506779493961, -0.025163295028013913, -0.02457948880014094]
[0.010191169743270638, -0.007613761948608136, 0.028800000000000003]
[0.010173389947052228, -0.007600478769217358, -0.028933893687207723]
[0.010191169743270638, 0.007613761948608136, 0.028800000000000003]
[0.010173389947052228, 0.007600478769217358, -0.028933893687207723]
[-0.004411270160835488, 0.011931890349577912, 0.028800000000000003]
[-0.004202154265028431, 0.012673333925252786, -0.024579488800140936]
[-0.008328638056365327, 0.009615773493187705, 0.028800000000000003]
[-0.011643032020530169, 0.00852071653937061, -0.013949345008061687]
[-0.011571078327834458, 0.005285778852482177, 0.028800000000000003]
[-0.0145519531098715, 0.0031663707040353157, -0.0028162518466720785]
[-0.011571078327834458, -0.005285778852482175, 0.028800000000000003]
[-0.014551953109871502, -0.0031663707040353118, -0.0028162518466720785]
[-0.008328638056365328, -0.009615773493187702, 0.028800000000000003]
[-0.011643032020530169, -0.00852071653937061, -0.013949345008061687]
[-0.004411270160835492, -0.011931890349577912, 0.028800000000000003]
[-0.004202154265028431, -0.012673333925252786, -0.024579488800140936]
[-0.03875351224086747, 0.016455707181391287, 0.028799999999999992]
[-0.03989703182113917, 0.017244974508159174, -0.024579488800140943]
[-0.03875351224086747, -0.016455707181391287, 0.028799999999999992]
[-0.03989703182113917, -0.017244974508159174, -0.024579488800140943]
[-0.03479566648650012, 0.01305942214909808, 0.028799999999999996]
[-0.036572544011122185, 0.0142264529218035, -0.022380327997981807]
[-0.03479566648650012, -0.01305942214909808, 0.028799999999999996]
[-0.036572544011122185, -0.0142264529218035, -0.022380327997981807]

Patch connectivity
[0, 1, 2, 3, 16, 17, 18, 19]
[2, 3, 4, 5, 18, 19, 20, 21]
[4, 5, 6, 7, 20, 21, 22, 23]
[6, 7, 8, 9, 22, 23, 24, 25]
[10, 11, 8, 9, 26, 27, 24, 25]
[12, 13, 10, 11, 28, 29, 26, 27]
[14, 15, 12, 13, 30, 31, 28, 29]
[0, 1, 14, 15, 16, 17, 30, 31]
[13, 7, 11, 9, 29, 23, 27, 25]
[15, 5, 13, 7, 31, 21, 29, 23]
[1, 3, 15, 5, 17, 19, 31, 21]
[4, 5, 32, 33, 6, 7, 36, 37]
[34, 35, 32, 33, 38, 39, 36, 37]
[14, 15, 34, 35, 12, 13, 38, 39]
[15, 5, 35, 33, 13, 7, 39, 37]

Number of elements per boundary
(4, 5):1
(4, 32):1
(5, 33):1
(32, 33):1
(34, 32):1
(34, 35):1
(35, 33):1
(14, 34):1
(14, 15):1
(15, 5):1
(15, 35):1
(6, 7):1
(6, 36):1
(7, 37):1
(36, 37):1
(38, 36):1
(38, 39):1
(39, 37):1
(12, 38):1
(12, 13):1
(13, 7):1
(13, 39):1
(4, 6):1
(5, 7):1
(32, 36):1
(33, 37):1
(34, 38):1
(35, 39):1
(14, 12):1
(15, 13):1
(0, 1):1
(0, 2):1
(0, 14):1
(1, 3):1
(1, 15):1
(2, 3):1
(2, 4):1
(3, 5):1
(6, 8):1
(7, 9):1
(8, 9):1
(10, 8):1
(10, 11):1
(11, 9):1
(12, 10):1
(13, 11):1
(16, 17):1
(16, 18):1
(16, 30):1
(17, 19):1
(17, 31):1
(18, 19):1
(18, 20):1
(19, 21):1
(20, 21):1
(20, 22):1
(21, 23):1
(22, 23):1
(22, 24):1
(23, 25):1
(24, 25):1
(26, 24):1
(26, 27):1
(27, 25):1
(28, 26):1
(28, 29):1
(29, 23):1
(29, 27):1
(30, 28):1
(30, 31):1
(31, 21):1
(31, 29):1
(0, 16):1
(1, 17):1
(2, 18):1
(3, 19):1
(4, 20):1
(5, 21):1
(6, 22):1
(7, 23):1
(8, 24):1
(9, 25):1
(10, 26):1
(11, 27):1
(12, 28):1
(13, 29):1
(14, 30):1
(15, 31):1


Knot values per boundary
(4, 5):[0.0, 1]
(4, 32):[0.0, 1]
(5, 33):[0.0, 1]
(32, 33):[0.0, 1]
(34, 32):[0.0, 1]
(34, 35):[0.0, 1]
(35, 33):[0.0, 1]
(14, 34):[0.0, 1]
(14, 15):[0.0, 1]
(15, 5):[0.0, 1]
(15, 35):[0.0, 1]
(6, 7):[0.0, 1]
(6, 36):[0.0, 1]
(7, 37):[0.0, 1]
(36, 37):[0.0, 1]
(38, 36):[0.0, 1]
(38, 39):[0.0, 1]
(39, 37):[0.0, 1]
(12, 38):[0.0, 1]
(12, 13):[0.0, 1]
(13, 7):[0.0, 1]
(13, 39):[0.0, 1]
(4, 6):[0.0, 1]
(5, 7):[0.0, 1]
(32, 36):[0.0, 1]
(33, 37):[0.0, 1]
(34, 38):[0.0, 1]
(35, 39):[0.0, 1]
(14, 12):[0.0, 1]
(15, 13):[0.0, 1]
(0, 1):[0.0, 1]
(0, 2):[0.0, 1]
(0, 14):[0.0, 1]
(1, 3):[0.0, 1]
(1, 15):[0.0, 1]
(2, 3):[0.0, 1]
(2, 4):[0.0, 1]
(3, 5):[0.0, 1]
(6, 8):[0.0, 1]
(7, 9):[0.0, 1]
(8, 9):[0.0, 1]
(10, 8):[0.0, 1]
(10, 11):[0.0, 1]
(11, 9):[0.0, 1]
(12, 10):[0.0, 1]
(13, 11):[0.0, 1]
(16, 17):[0.0, 1]
(16, 18):[0.0, 1]
(16, 30):[0.0, 1]
(17, 19):[0.0, 1]
(17, 31):[0.0, 1]
(18, 19):[0.0, 1]
(18, 20):[0.0, 1]
(19, 21):[0.0, 1]
(20, 21):[0.0, 1]
(20, 22):[0.0, 1]
(21, 23):[0.0, 1]
(22, 23):[0.0, 1]
(22, 24):[0.0, 1]
(23, 25):[0.0, 1]
(24, 25):[0.0, 1]
(26, 24):[0.0, 1]
(26, 27):[0.0, 1]
(27, 25):[0.0, 1]
(28, 26):[0.0, 1]
(28, 29):[0.0, 1]
(29, 23):[0.0, 1]
(29, 27):[0.0, 1]
(30, 28):[0.0, 1]
(30, 31):[0.0, 1]
(31, 21):[0.0, 1]
(31, 29):[0.0, 1]
(0, 16):[0.0, 1]
(1, 17):[0.0, 1]
(2, 18):[0.0, 1]
(3, 19):[0.0, 1]
(4, 20):[0.0, 1]
(5, 21):[0.0, 1]
(6, 22):[0.0, 1]
(7, 23):[0.0, 1]
(8, 24):[0.0, 1]
(9, 25):[0.0, 1]
(10, 26):[0.0, 1]
(11, 27):[0.0, 1]
(12, 28):[0.0, 1]
(13, 29):[0.0, 1]
(14, 30):[0.0, 1]
(15, 31):[0.0, 1]


Knot multiplicity per boundary
(4, 5):[3, 3]
(4, 32):[3, 3]
(5, 33):[3, 3]
(32, 33):[3, 3]
(34, 32):[3, 3]
(34, 35):[3, 3]
(35, 33):[3, 3]
(14, 34):[3, 3]
(14, 15):[3, 3]
(15, 5):[3, 3]
(15, 35):[3, 3]
(6, 7):[3, 3]
(6, 36):[3, 3]
(7, 37):[3, 3]
(36, 37):[3, 3]
(38, 36):[3, 3]
(38, 39):[3, 3]
(39, 37):[3, 3]
(12, 38):[3, 3]
(12, 13):[3, 3]
(13, 7):[3, 3]
(13, 39):[3, 3]
(4, 6):[3, 3]
(5, 7):[3, 3]
(32, 36):[3, 3]
(33, 37):[3, 3]
(34, 38):[3, 3]
(35, 39):[3, 3]
(14, 12):[3, 3]
(15, 13):[3, 3]
(0, 1):[3, 3]
(0, 2):[3, 3]
(0, 14):[3, 3]
(1, 3):[3, 3]
(1, 15):[3, 3]
(2, 3):[3, 3]
(2, 4):[3, 3]
(3, 5):[3, 3]
(6, 8):[3, 3]
(7, 9):[3, 3]
(8, 9):[3, 3]
(10, 8):[3, 3]
(10, 11):[3, 3]
(11, 9):[3, 3]
(12, 10):[3, 3]
(13, 11):[3, 3]
(16, 17):[3, 3]
(16, 18):[3, 3]
(16, 30):[3, 3]
(17, 19):[3, 3]
(17, 31):[3, 3]
(18, 19):[3, 3]
(18, 20):[3, 3]
(19, 21):[3, 3]
(20, 21):[3, 3]
(20, 22):[3, 3]
(21, 23):[3, 3]
(22, 23):[3, 3]
(22, 24):[3, 3]
(23, 25):[3, 3]
(24, 25):[3, 3]
(26, 24):[3, 3]
(26, 27):[3, 3]
(27, 25):[3, 3]
(28, 26):[3, 3]
(28, 29):[3, 3]
(29, 23):[3, 3]
(29, 27):[3, 3]
(30, 28):[3, 3]
(30, 31):[3, 3]
(31, 21):[3, 3]
(31, 29):[3, 3]
(0, 16):[3, 3]
(1, 17):[3, 3]
(2, 18):[3, 3]
(3, 19):[3, 3]
(4, 20):[3, 3]
(5, 21):[3, 3]
(6, 22):[3, 3]
(7, 23):[3, 3]
(8, 24):[3, 3]
(9, 25):[3, 3]
(10, 26):[3, 3]
(11, 27):[3, 3]
(12, 28):[3, 3]
(13, 29):[3, 3]
(14, 30):[3, 3]
(15, 31):[3, 3]


Boundary names
endo_r:patch3-left,patch4-left,patch5-left,patch8-left,patch11-right,patch12-right,patch13-right,patch14-right
epi:patch0-left,patch1-left,patch7-left,patch10-left,patch11-left,patch12-left,patch13-left,patch14-left
endo_l:patch0-right,patch1-right,patch2-right,patch3-right,patch4-right,patch5-right,patch6-right,patch7-right,patch8-right,patch9-right,patch10-right
septum_r:patch3-left,patch4-left,patch5-left,patch8-left
endo_r_nosep:patch11-right,patch12-right,patch13-right,patch14-right
base_r:patch11-front,patch12-front,patch13-front
base_l:patch0-front,patch1-front,patch2-front,patch3-front,patch4-front,patch5-front,patch6-front,patch7-front


