left ventricle (patient specific) multipatch geometry data

Control points
[0.010892671255972484, 0.003815728009045558, 0.0]
[0.014983876102582203, 0.003815728009045558, -0.007024732785592194]
[0.015660925355617337, 0.003815728009045558, -0.021229880846869408]
[0.014396065846566207, 0.003815728009045558, -0.028617612495245904]
[0.012588034576767534, 0.014953664219149166, 0.0]
[0.01702765007598642, 0.01789467987957028, -0.008881087917591748]
[0.01608692144828651, 0.016687468042105358, -0.025472632993502206]
[0.013338538353857808, 0.013647182312666255, -0.03339573382102343]
[0.0039498705907655435, 0.02512267940569831, 0.0]
[0.004908296901721969, 0.02799174852528462, -0.008267334565494187]
[0.004315395810805892, 0.02659711308589513, -0.023715260474768747]
[0.003328693293113325, 0.0237571507904793, -0.031906368800992374]
[-0.00271251334048516, 0.0258808148045775, 0.0]
[-0.00271251334048516, 0.028792686881063453, -0.006854353060137264]
[-0.00271251334048516, 0.028804273182955312, -0.020623539401687586]
[-0.00271251334048516, 0.02647001778151278, -0.0278772082650945]
[0.007203400737968808, 0.0036391068029876946, 0.0]
[0.011028050272925907, 0.0036391068029876946, -0.006158149910216008]
[0.012216936226982084, 0.0036391068029876946, -0.01895621806071611]
[0.011281696949940816, 0.0036391068029876946, -0.02569265876816209]
[0.008944107415886055, 0.012592822761575362, 0.0]
[0.01314412524161078, 0.015456208659064715, -0.007810261422795159]
[0.012990354087636413, 0.0148687272840131, -0.022809439141778798]
[0.010925536605587038, 0.01237982505437267, -0.030186222921269518]
[0.002129778118883114, 0.02036349261637152, 0.0]
[0.00336075450487651, 0.023810729277115125, -0.007318400391311382]
[0.003078854549333013, 0.023117280422259436, -0.021263017792556713]
[0.00242763032214856, 0.021110675487196553, -0.02892620861988729]
[-0.0028628136955414457, 0.020569420092479418, 0.0]
[-0.0028628136955414457, 0.024522203335572472, -0.006098946005626403]
[-0.0028628136955414457, 0.025068160009537006, -0.01858598981075861]
[-0.0028628136955414457, 0.023606648770966097, -0.0254201899577622]
[0.003514130219965131, 0.003462485596929831, 0.0]
[0.0070722244432696105, 0.003462485596929831, -0.0052915670348398225]
[0.00877294709834683, 0.003462485596929831, -0.01668255527456281]
[0.008167328053315425, 0.003462485596929831, -0.022767705041078275]
[0.005300180255004576, 0.01023198130400156, 0.0]
[0.009260600407235139, 0.01301773743855915, -0.006739434927998569]
[0.009893786726986317, 0.01304998652592084, -0.02014624529005539]
[0.008512534857316269, 0.011112467796079087, -0.02697671202151561]
[0.00030968564700068407, 0.01560430582704473, 0.0]
[0.0018132121080310507, 0.019629710028945625, -0.006369466217128576]
[0.0018423132878601345, 0.019637447758623743, -0.01881077511034468]
[0.001526567351183795, 0.018464200183913804, -0.025946048438782208]
[-0.003013114050597731, 0.015258025380381332, 0.0]
[-0.003013114050597731, 0.020251719790081488, -0.005343538951115542]
[-0.003013114050597731, 0.0213320468361187, -0.016548440219829638]
[-0.003013114050597731, 0.02074327976041941, -0.022963171650429902]
[-0.00271251334048516, 0.0258808148045775, 0.0]
[-0.00271251334048516, 0.028792686881063453, -0.006854353060137264]
[-0.00271251334048516, 0.028804273182955312, -0.020623539401687586]
[-0.00271251334048516, 0.02647001778151278, -0.0278772082650945]
[-0.01162025234519311, 0.027432337996237594, 0.0]
[-0.01318998091421413, 0.03164338592614628, -0.008841488437999534]
[-0.012928369564864567, 0.031174201419907708, -0.02591458032718465]
[-0.011206058018582694, 0.026746684178103313, -0.03416339151956449]
[-0.021498866391046995, 0.017035943476614815, 0.0]
[-0.024154713968200247, 0.019389711305561164, -0.009124666453424336]
[-0.022656801737783616, 0.018150096573819715, -0.026205845034303354]
[-0.020802912141721884, 0.015496536341813381, -0.03500488573559181]
[-0.019810182903449002, 0.003815728009045558, 0.0]
[-0.023246718065006024, 0.003815728009045558, -0.007266315899454853]
[-0.022966021599681103, 0.003815728009045558, -0.021782602839410484]
[-0.02093538568263028, 0.003815728009045558, -0.02909888905222265]
[-0.0028628136955414457, 0.020569420092479418, 0.0]
[-0.0028628136955414457, 0.024522203335572472, -0.006098946005626403]
[-0.0028628136955414457, 0.025068160009537006, -0.01858598981075861]
[-0.0028628136955414457, 0.023606648770966097, -0.0254201899577622]
[-0.009303594171713841, 0.021507684437015166, 0.0]
[-0.011817426144805254, 0.027591603031325945, -0.007938383319331988]
[-0.01197180625410207, 0.027704865258575524, -0.023468804128228323]
[-0.010803489047781355, 0.024623279235247438, -0.03148708825995754]
[-0.017701870826570494, 0.013960413726015065, 0.0]
[-0.021303319429234843, 0.016787566705837458, -0.008178296246390392]
[-0.020116094886483353, 0.016108656203217206, -0.02357262601418516]
[-0.018543831845431673, 0.013936224433148946, -0.03161664760064053]
[-0.017369179619008097, 0.0036391068029876946, 0.0]
[-0.020946359602615344, 0.0036391068029876946, -0.006578123262290975]
[-0.020677338213347333, 0.0036391068029876946, -0.019759956639695517]
[-0.018842733778825303, 0.0036391068029876946, -0.026485394082769217]
[-0.003013114050597731, 0.015258025380381332, 0.0]
[-0.003013114050597731, 0.020251719790081488, -0.005343538951115542]
[-0.003013114050597731, 0.0213320468361187, -0.016548440219829638]
[-0.003013114050597731, 0.02074327976041941, -0.022963171650429902]
[-0.006986935998234573, 0.01558303087779274, 0.0]
[-0.010444871375396377, 0.02353982013650561, -0.007035278200664442]
[-0.011015242943339573, 0.024235529097243337, -0.021023027929271996]
[-0.010400920076980015, 0.022499874292391562, -0.02881078500035058]
[-0.013904875262093996, 0.010884883975415314, 0.0]
[-0.018451924890269436, 0.014185422106113753, -0.007231926039356448]
[-0.01757538803518309, 0.014067215832614699, -0.02093940699406697]
[-0.016284751549141458, 0.01237591252448451, -0.028228409465689247]
[-0.014928176334567191, 0.003462485596929831, 0.0]
[-0.018646001140224668, 0.003462485596929831, -0.0058899306251270975]
[-0.018388654827013563, 0.003462485596929831, -0.01773731043998055]
[-0.016750081875020324, 0.003462485596929831, -0.02387189911331579]
[-0.00271251334048516, -0.024154470033085716, 0.0]
[-0.00271251334048516, -0.026940308908192646, -0.007421400140128605]
[-0.00271251334048516, -0.0251615869715235, -0.021843084343572013]
[-0.00271251334048516, -0.022164104858084194, -0.029313550149957228]
[-0.011720808681872063, -0.021759172386045706, 0.0]
[-0.013892742041549713, -0.02729167409017199, -0.009201938249807057]
[-0.011976442015946802, -0.023120406821110637, -0.025434367582428345]
[-0.010239923289246583, -0.0190997981318515, -0.03377623302114783]
[-0.01978934743525752, -0.008811749434766956, 0.0]
[-0.02473349417345933, -0.012080727218478507, -0.009197202231143509]
[-0.022218354773674093, -0.010121647072529284, -0.025853513287746113]
[-0.020007133483133578, -0.0070557566155901846, -0.03434244240567322]
[-0.019810182903449002, 0.003815728009045558, 0.0]
[-0.023246718065006024, 0.003815728009045558, -0.007266315899454853]
[-0.022966021599681103, 0.003815728009045558, -0.021782602839410484]
[-0.02093538568263028, 0.003815728009045558, -0.02909888905222265]
[-0.0028628136955414457, -0.019684835877089527, 0.0]
[-0.0028628136955414457, -0.02318096058235363, -0.006713671955567262]
[-0.0028628136955414457, -0.022476909825703356, -0.019969495963145734]
[-0.0028628136955414457, -0.019336641072448008, -0.026719470111463167]
[-0.011385393530602805, -0.01861110001121681, 0.0]
[-0.01406091170046688, -0.025437223268771136, -0.008562254556134966]
[-0.012495301187932406, -0.02250526420959802, -0.02401172991740776]
[-0.01033409264725011, -0.017723332259280286, -0.03146560315824272]
[-0.01857658766135198, -0.008204980911299741, 0.0]
[-0.023131638163290107, -0.011258734744877544, -0.008427471223304873]
[-0.020296306001815652, -0.009239978469569959, -0.023536068330895762]
[-0.01824066813551947, -0.00637266312840077, -0.03137332871241261]
[-0.017369179619008097, 0.0036391068029876946, 0.0]
[-0.020946359602615344, 0.0036391068029876946, -0.006578123262290975]
[-0.020677338213347333, 0.0036391068029876946, -0.019759956639695517]
[-0.018842733778825303, 0.0036391068029876946, -0.026485394082769217]
[-0.003013114050597731, -0.015215201721093337, 0.0]
[-0.003013114050597731, -0.019421612256514613, -0.0060059437710059185]
[-0.003013114050597731, -0.019792232679883212, -0.018095907582719457]
[-0.003013114050597731, -0.016509177286811824, -0.024125390072969106]
[-0.01104997837933355, -0.015463027636387915, 0.0]
[-0.014229081359384046, -0.02358277244737028, -0.007922570862462876]
[-0.013014160359918012, -0.021890121598085403, -0.022589092252387175]
[-0.010428262005253637, -0.01634686638670907, -0.029154973295337613]
[-0.017363827887446438, -0.007598212387832525, 0.0]
[-0.021529782153120885, -0.010436742271276582, -0.007657740215466238]
[-0.018374257229957208, -0.008358309866610635, -0.021218623374045408]
[-0.01647420278790536, -0.005689569641211354, -0.02840421501915199]
[-0.014928176334567191, 0.003462485596929831, 0.0]
[-0.018646001140224668, 0.003462485596929831, -0.0058899306251270975]
[-0.018388654827013563, 0.003462485596929831, -0.01773731043998055]
[-0.016750081875020324, 0.003462485596929831, -0.02387189911331579]
[0.010892671255972484, 0.003815728009045558, 0.0]
[0.014983876102582203, 0.003815728009045558, -0.007024732785592194]
[0.015660925355617337, 0.003815728009045558, -0.021229880846869408]
[0.014396065846566207, 0.003815728009045558, -0.028617612495245904]
[0.010547139954197033, -0.007629558302718767, 0.0]
[0.014783061308236442, -0.010458690502037005, -0.008632472281220306]
[0.01474253987860947, -0.009433974282423607, -0.025112188693710777]
[0.01264979215157464, -0.006472319460777602, -0.03327807676332091]
[0.0076174795144489235, -0.025556759902252972, 0.0]
[0.008316461220555385, -0.02759364282622033, -0.009220763439105502]
[0.007091423195018619, -0.02494596659818285, -0.026155117321360534]
[0.005327429731678575, -0.020666770708922234, -0.0346548788211085]
[-0.00271251334048516, -0.024154470033085716, 0.0]
[-0.00271251334048516, -0.026940308908192646, -0.007421400140128605]
[-0.00271251334048516, -0.0251615869715235, -0.021843084343572013]
[-0.00271251334048516, -0.022164104858084194, -0.029313550149957228]
[0.007203400737968808, 0.0036391068029876946, 0.0]
[0.011028050272925907, 0.0036391068029876946, -0.006158149910216008]
[0.012216936226982084, 0.0036391068029876946, -0.01895621806071611]
[0.011281696949940816, 0.0036391068029876946, -0.02569265876816209]
[0.006785172537779498, -0.005298867003073418, 0.0]
[0.010821658389656628, -0.00807453878273735, -0.007539350283736843]
[0.011462062553173436, -0.007632918321327307, -0.022300078791316135]
[0.010213412905007364, -0.005283750938829993, -0.029950380397590026]
[0.0051857569870223654, -0.02049945681801247, 0.0]
[0.006087016351570626, -0.023093881942715742, -0.008175980785531427]
[0.005276742759683581, -0.021261887458994825, -0.02335750841932464]
[0.0037421523761715196, -0.017249433983349514, -0.03091973970106869]
[-0.0028628136955414457, -0.019684835877089527, 0.0]
[-0.0028628136955414457, -0.02318096058235363, -0.006713671955567262]
[-0.0028628136955414457, -0.022476909825703356, -0.019969495963145734]
[-0.0028628136955414457, -0.019336641072448008, -0.026719470111463167]
[0.003514130219965131, 0.003462485596929831, 0.0]
[0.0070722244432696105, 0.003462485596929831, -0.0052915670348398225]
[0.00877294709834683, 0.003462485596929831, -0.01668255527456281]
[0.008167328053315425, 0.003462485596929831, -0.022767705041078275]
[0.0030232051213619636, -0.002968175703428068, 0.0]
[0.006860255471076815, -0.005690387063437693, -0.00644622828625338]
[0.0081815852277374, -0.005831862360231007, -0.019487968888921493]
[0.007777033658440089, -0.004095182416882385, -0.02662268403185914]
[0.0027540344595958074, -0.015442153733771963, 0.0]
[0.003857571482585866, -0.018594121059211155, -0.007131198131957353]
[0.003462062324348543, -0.0175778083198068, -0.020559899517288746]
[0.0021568750206644644, -0.013832097257776798, -0.027184600581028884]
[-0.003013114050597731, -0.015215201721093337, 0.0]
[-0.003013114050597731, -0.019421612256514613, -0.0060059437710059185]
[-0.003013114050597731, -0.019792232679883212, -0.018095907582719457]
[-0.003013114050597731, -0.016509177286811824, -0.024125390072969106]
[0.014396065846566207, 0.003815728009045558, -0.028617612495245904]
[0.01264979215157464, -0.006472319460777602, -0.03327807676332091]
[0.005327429731678575, -0.020666770708922234, -0.0346548788211085]
[-0.00271251334048516, -0.022164104858084194, -0.029313550149957228]
[0.013338538353857808, 0.013647182312666255, -0.03339573382102343]
[0.00923733999305574, 0.0032337019869363706, -0.05304976731536669]
[-0.0027819024636201515, -0.01446081466214707, -0.054248441483689694]
[-0.010239923289246583, -0.0190997981318515, -0.03377623302114783]
[0.003328693293113325, 0.0237571507904793, -0.031906368800992374]
[-0.0037727736263463356, 0.019371642648023036, -0.05208622633658346]
[-0.017300059966853312, 0.0042245731496625425, -0.05519581213566978]
[-0.020007133483133578, -0.0070557566155901846, -0.03434244240567322]
[-0.00271251334048516, 0.02647001778151278, -0.0278772082650945]
[-0.011206058018582694, 0.026746684178103313, -0.03416339151956449]
[-0.020802912141721884, 0.015496536341813381, -0.03500488573559181]
[-0.02093538568263028, 0.003815728009045558, -0.02909888905222265]
[0.011281696949940816, 0.0036391068029876946, -0.02569265876816209]
[0.010213412905007364, -0.005283750938829993, -0.029950380397590026]
[0.0037421523761715196, -0.017249433983349514, -0.03091973970106869]
[-0.0028628136955414457, -0.019336641072448008, -0.026719470111463167]
[0.010925536605587038, 0.01237982505437267, -0.030186222921269518]
[0.00779079389356866, 0.003271850605453268, -0.04989305147436423]
[-0.003417164430936607, -0.010785316756919763, -0.049130120722747354]
[-0.01033409264725011, -0.017723332259280286, -0.03146560315824272]
[0.00242763032214856, 0.021110675487196553, -0.02892620861988729]
[-0.003921592136980035, 0.01959657450550701, -0.050805565258103536]
[-0.015185473759430268, 0.0037762783114966923, -0.05098255860023872]
[-0.01824066813551947, -0.00637266312840077, -0.03137332871241261]
[-0.0028628136955414457, 0.023606648770966097, -0.0254201899577622]
[-0.010803489047781355, 0.024623279235247438, -0.03148708825995754]
[-0.018543831845431673, 0.013936224433148946, -0.03161664760064053]
[-0.018842733778825303, 0.0036391068029876946, -0.026485394082769217]
[0.008167328053315425, 0.003462485596929831, -0.022767705041078275]
[0.007777033658440089, -0.004095182416882385, -0.02662268403185914]
[0.0021568750206644644, -0.013832097257776798, -0.027184600581028884]
[-0.003013114050597731, -0.016509177286811824, -0.024125390072969106]
[0.008512534857316269, 0.011112467796079087, -0.02697671202151561]
[0.006344247794081579, 0.0033099992239701654, -0.04673633563336177]
[-0.004052426398253062, -0.0071098188516924565, -0.044011799961805015]
[-0.010428262005253637, -0.01634686638670907, -0.029154973295337613]
[0.001526567351183795, 0.018464200183913804, -0.025946048438782208]
[-0.004070410647613734, 0.019821506362990984, -0.0495249041796236]
[-0.013070887552007224, 0.003327983473330842, -0.04676930506480765]
[-0.01647420278790536, -0.005689569641211354, -0.02840421501915199]
[-0.003013114050597731, 0.02074327976041941, -0.022963171650429902]
[-0.010400920076980015, 0.022499874292391562, -0.02881078500035058]
[-0.016284751549141458, 0.01237591252448451, -0.028228409465689247]
[-0.016750081875020324, 0.003462485596929831, -0.02387189911331579]

Weights
1.0
1.0
1.0
1.0
1.0
1.0
1.0
1.0
1.0
1.0
1.0
1.0
1.0
1.0
1.0
1.0
1.0
1.0
1.0
1.0
1.0
1.0
1.0
1.0
1.0
1.0
1.0
1.0
1.0
1.0
1.0
1.0
1.0
1.0
1.0
1.0
1.0
1.0
1.0
1.0
1.0
1.0
1.0
1.0
1.0
1.0
1.0
1.0
1.0
1.0
1.0
1.0
1.0
1.0
1.0
1.0
1.0
1.0
1.0
1.0
1.0
1.0
1.0
1.0
1.0
1.0
1.0
1.0
1.0
1.0
1.0
1.0
1.0
1.0
1.0
1.0
1.0
1.0
1.0
1.0
1.0
1.0
1.0
1.0
1.0
1.0
1.0
1.0
1.0
1.0
1.0
1.0
1.0
1.0
1.0
1.0
1.0
1.0
1.0
1.0
1.0
1.0
1.0
1.0
1.0
1.0
1.0
1.0
1.0
1.0
1.0
1.0
1.0
1.0
1.0
1.0
1.0
1.0
1.0
1.0
1.0
1.0
1.0
1.0
1.0
1.0
1.0
1.0
1.0
1.0
1.0
1.0
1.0
1.0
1.0
1.0
1.0
1.0
1.0
1.0
1.0
1.0
1.0
1.0
1.0
1.0
1.0
1.0
1.0
1.0
1.0
1.0
1.0
1.0
1.0
1.0
1.0
1.0
1.0
1.0
1.0
1.0
1.0
1.0
1.0
1.0
1.0
1.0
1.0
1.0
1.0
1.0
1.0
1.0
1.0
1.0
1.0
1.0
1.0
1.0
1.0
1.0
1.0
1.0
1.0
1.0
1.0
1.0
1.0
1.0
1.0
1.0
1.0
1.0
1.0
1.0
1.0
1.0
1.0
1.0
1.0
1.0
1.0
1.0
1.0
1.0
1.0
1.0
1.0
1.0
1.0
1.0
1.0
1.0
1.0
1.0
1.0
1.0
1.0
1.0
1.0
1.0
1.0
1.0
1.0
1.0
1.0
1.0
1.0
1.0
1.0
1.0
1.0
1.0
1.0
1.0
1.0
1.0
1.0
1.0

Patch vertices
[0.010892671255972484, 0.003815728009045558, 0.0]
[0.014396065846566207, 0.003815728009045558, -0.028617612495245904]
[-0.00271251334048516, 0.0258808148045775, 0.0]
[-0.00271251334048516, 0.02647001778151278, -0.0278772082650945]
[-0.019810182903449002, 0.003815728009045558, 0.0]
[-0.02093538568263028, 0.003815728009045558, -0.02909888905222265]
[-0.00271251334048516, -0.024154470033085716, 0.0]
[-0.00271251334048516, -0.022164104858084194, -0.029313550149957228]
[0.003514130219965131, 0.003462485596929831, 0.0]
[0.008167328053315425, 0.003462485596929831, -0.022767705041078275]
[-0.003013114050597731, 0.015258025380381332, 0.0]
[-0.003013114050597731, 0.02074327976041941, -0.022963171650429902]
[-0.014928176334567191, 0.003462485596929831, 0.0]
[-0.016750081875020324, 0.003462485596929831, -0.02387189911331579]
[-0.003013114050597731, -0.015215201721093337, 0.0]
[-0.003013114050597731, -0.016509177286811824, -0.024125390072969106]

Patch connectivity
[0, 1, 2, 3, 8, 9, 10, 11]
[2, 3, 4, 5, 10, 11, 12, 13]
[6, 7, 4, 5, 14, 15, 12, 13]
[0, 1, 6, 7, 8, 9, 14, 15]
[1, 7, 3, 5, 9, 15, 11, 13]

Number of elements per boundary
(0, 1):2
(0, 2):2
(2, 3):2
(1, 3):2
(2, 4):2
(4, 5):2
(3, 5):2
(6, 7):2
(6, 4):2
(7, 5):2
(0, 6):2
(1, 7):2
(8, 9):2
(8, 10):2
(10, 11):2
(9, 11):2
(10, 12):2
(12, 13):2
(11, 13):2
(14, 15):2
(14, 12):2
(15, 13):2
(8, 14):2
(9, 15):2
(0, 8):1
(1, 9):1
(2, 10):1
(3, 11):1
(4, 12):1
(5, 13):1
(6, 14):1
(7, 15):1


Knot values per boundary
(0, 1):[0.0, 0.5, 1.0]
(0, 2):[0.0, 0.5, 1.0]
(2, 3):[0.0, 0.5, 1.0]
(1, 3):[0.0, 0.5, 1.0]
(2, 4):[0.0, 0.5, 1.0]
(4, 5):[0.0, 0.5, 1.0]
(3, 5):[0.0, 0.5, 1.0]
(6, 7):[0.0, 0.5, 1.0]
(6, 4):[0.0, 0.5, 1.0]
(7, 5):[0.0, 0.5, 1.0]
(0, 6):[0.0, 0.5, 1.0]
(1, 7):[0.0, 0.5, 1.0]
(8, 9):[0.0, 0.5, 1.0]
(8, 10):[0.0, 0.5, 1.0]
(10, 11):[0.0, 0.5, 1.0]
(9, 11):[0.0, 0.5, 1.0]
(10, 12):[0.0, 0.5, 1.0]
(12, 13):[0.0, 0.5, 1.0]
(11, 13):[0.0, 0.5, 1.0]
(14, 15):[0.0, 0.5, 1.0]
(14, 12):[0.0, 0.5, 1.0]
(15, 13):[0.0, 0.5, 1.0]
(8, 14):[0.0, 0.5, 1.0]
(9, 15):[0.0, 0.5, 1.0]
(0, 8):[0.0, 1]
(1, 9):[0.0, 1]
(2, 10):[0.0, 1]
(3, 11):[0.0, 1]
(4, 12):[0.0, 1]
(5, 13):[0.0, 1]
(6, 14):[0.0, 1]
(7, 15):[0.0, 1]


Knot multiplicity per boundary
(0, 1):[3, 1, 3]
(0, 2):[3, 1, 3]
(2, 3):[3, 1, 3]
(1, 3):[3, 1, 3]
(2, 4):[3, 1, 3]
(4, 5):[3, 1, 3]
(3, 5):[3, 1, 3]
(6, 7):[3, 1, 3]
(6, 4):[3, 1, 3]
(7, 5):[3, 1, 3]
(0, 6):[3, 1, 3]
(1, 7):[3, 1, 3]
(8, 9):[3, 1, 3]
(8, 10):[3, 1, 3]
(10, 11):[3, 1, 3]
(9, 11):[3, 1, 3]
(10, 12):[3, 1, 3]
(12, 13):[3, 1, 3]
(11, 13):[3, 1, 3]
(14, 15):[3, 1, 3]
(14, 12):[3, 1, 3]
(15, 13):[3, 1, 3]
(8, 14):[3, 1, 3]
(9, 15):[3, 1, 3]
(0, 8):[3, 3]
(1, 9):[3, 3]
(2, 10):[3, 3]
(3, 11):[3, 3]
(4, 12):[3, 3]
(5, 13):[3, 3]
(6, 14):[3, 3]
(7, 15):[3, 3]


Boundary names
epi:patch0-left,patch1-left,patch2-left,patch3-left,patch4-left
endo_l:patch0-right,patch1-right,patch2-right,patch3-right,patch4-right
base_l:patch0-front,patch1-front,patch2-front,patch3-front


