Ventricle multipatch geometry data

Control points
[0.022463383310862, -0.013750936681836771, 0.02682202550820625]
[0.028093518959652303, -0.016497348689457014, 0.020403747165034]
[0.03155278390361888, -0.018353165678097933, 0.005620735004348056]
[0.03193093721730891, -0.018480720997110813, -0.009659794282307146]
[0.03009649639383575, -0.01737622029464569, -0.023895093752014096]
[0.028270219067058164, -0.01632181858841572, -0.030055334413962565]
[0.02499555189452675, -0.00887296347840465, 0.02682202550820625]
[0.03171918401675716, -0.011099211789822868, 0.019900678133788846]
[0.03621192426985531, -0.012331562024961381, 0.003890467294293848]
[0.03585511832970572, -0.012352482882309751, -0.012619585181061375]
[0.03287142545460622, -0.011615651064884191, -0.027672974723880514]
[0.03015522467124272, -0.010876597968317747, -0.03389027767385025]
[0.025958173368832955, 0.0011035564343466868, 0.026822025508206254]
[0.03445163412439456, 0.0018232947796349708, 0.019376496480124725]
[0.038700569237479915, 0.002116092472600169, 0.0018791021141581481]
[0.03629356820950992, 0.001773498613366995, -0.01565599731096264]
[0.03312960993463884, 0.0013573844402927026, -0.03152661205155398]
[0.029314151970389606, 0.001036786457672907, -0.037477728634634014]
[0.022972609410601495, 0.011760643921007343, 0.026822025508206254]
[0.030534820250906553, 0.015003018711806313, 0.019354559812706888]
[0.03433317214126468, 0.016516784802813256, 0.0019701024994374958]
[0.031857005590748375, 0.015127164517234396, -0.015440909658415877]
[0.0288550199388789, 0.013870099758519851, -0.031194925823240984]
[0.025535628046917194, 0.012471399934156668, -0.03712374607858378]
[0.01679420928305301, 0.019260935637849707, 0.02682202550820625]
[0.021249290843109083, 0.024391337578188024, 0.01987499224150005]
[0.02452268328943602, 0.02781921509196855, 0.00407661696284031]
[0.023421100511605307, 0.02670498665551294, -0.012182402541938286]
[0.02115823936899434, 0.024487731327245712, -0.0269292014631604]
[0.019118572243381936, 0.022403807773685357, -0.03283957590805581]
[0.01243533921377461, 0.022031864042744223, 0.02682202550820625]
[0.015146782981499365, 0.026728979457040315, 0.020322555338592202]
[0.01749814530224886, 0.030718133060184744, 0.005806232891975596]
[0.017401097497046786, 0.030276403758500433, -0.009331175508518301]
[0.01616356611145613, 0.02799611773654056, -0.023242333206066498]
[0.015034459781384362, 0.026040448205708593, -0.029119586470458935]
[0.021827730487876968, -0.01332673511864387, 0.02682202550820625]
[0.02723804503291931, -0.016010218901443215, 0.020517299382699736]
[0.03024539200546236, -0.017604333046446628, 0.0059017356019489325]
[0.03092166279044097, -0.017900012945967634, -0.009182239562733832]
[0.029335325347715165, -0.016936757986268623, -0.023292192651977028]
[0.02757489864945813, -0.0159203751581413, -0.02940797340949921]
[0.024194913690013753, -0.0086666582694864, 0.02682202550820625]
[0.030617925674918185, -0.010728581538283629, 0.02001094918828327]
[0.03476049408849198, -0.011814141029100646, 0.004206029712004949]
[0.03495277663422409, -0.011998031769405119, -0.012102166513790459]
[0.03216534527836346, -0.011314749930792928, -0.027019535595423978]
[0.029508612931783085, -0.010595726865677762, -0.033195100997155794]
[0.025043824867153303, 0.0010244914641294534, 0.026822025508206254]
[0.03311152881107815, 0.0017520821022326172, 0.01948384144142805]
[0.037427551845526257, 0.0020789607730994867, 0.0022424671350764606]
[0.03545183364316147, 0.00176062124995661, -0.015113355457075027]
[0.032281231177143495, 0.0013381259513619212, -0.030792023677481004]
[0.028648269392135134, 0.00101963541671768, -0.036738152714221824]
[0.0220574780823738, 0.011228570835470514, 0.026822025508206254]
[0.02936588046609023, 0.014423271211988628, 0.019471114316513674]
[0.033259319084796804, 0.01599739812952964, 0.0023345916430946184]
[0.031052160864507235, 0.014716193493486393, -0.01490234111776247]
[0.02806481645305153, 0.013435665757863646, -0.030466976213555628]
[0.024867494983402304, 0.01208513034208678, -0.03637678529003667]
[0.01603726873155666, 0.018459017900610827, 0.02682202550820625]
[0.02040872918235009, 0.02341964042336103, 0.019982351117172392]
[0.023736655682405138, 0.026895320555130005, 0.004401919172694578]
[0.02280952607813167, 0.025961939357833468, -0.011688182144619084]
[0.020607036938960533, 0.02380046062761333, -0.026294254087309777]
[0.018599114459664823, 0.02175108360870605, -0.03217055132705611]
[0.011892613345997276, 0.021047137194126334, 0.02682202550820625]
[0.014536953679479585, 0.02566946686925377, 0.020425328562213022]
[0.016893197075871287, 0.029653978241567503, 0.006095882295614084]
[0.016903304993464693, 0.029408750599141782, -0.008880763198531589]
[0.01572298920926674, 0.02723301615730722, -0.022675043731070092]
[0.014608834752022178, 0.02530324402988029, -0.028515493188102075]
[0.020556424841906906, -0.012478331992258068, 0.02682202550820625]
[0.025527097179453315, -0.01503595932541562, 0.020744403818031207]
[0.02763060820914931, -0.016106667783144013, 0.006463736797150685]
[0.028903113936705076, -0.016738596843681272, -0.008227130123587206]
[0.027812983255474, -0.01605783336951449, -0.022086390451902888]
[0.026184257814258063, -0.015117488297592453, -0.028113251400572494]
[0.02259363728098776, -0.008254047851649895, 0.02682202550820625]
[0.028415408991240225, -0.00998732103520515, 0.02023149129727212]
[0.03185763372576532, -0.010779299037379177, 0.004837154547427152]
[0.033148093243260825, -0.01128912954359585, -0.011067329179248625]
[0.030753184925877933, -0.010712947662610404, -0.025712657338510903]
[0.02821538945286382, -0.010033984660397788, -0.03180474764376689]
[0.023215127863794004, 0.0008663615236949866, 0.026822025508206254]
[0.030431318184445326, 0.0016096567474279096, 0.019698531364034693]
[0.03488151706161894, 0.0020046973740981216, 0.0029691971769130856]
[0.03376836451046457, 0.0017348665231358398, -0.014028071749299804]
[0.030584473662152806, 0.0012996089735003583, -0.029322846929335053]
[0.027316504235626187, 0.0009853333348072257, -0.03525900087339744]
[0.020227215425918415, 0.010164424664396855, 0.026822025508206254]
[0.027028000896457585, 0.013263776212353256, 0.019704223324127242]
[0.031111612971861054, 0.014958624782962412, 0.003063569930408863]
[0.029442471412024957, 0.013894251445990387, -0.013825204036455653]
[0.026484409481396784, 0.012566797756551234, -0.02901107699418492]
[0.023531228856372523, 0.011312591157947005, -0.03488286371294244]
[0.014523387628563963, 0.016855182426133063, 0.02682202550820625]
[0.01872760586083211, 0.02147624611370704, 0.020197068868517076]
[0.02216460046834337, 0.025047531481452917, 0.005052523592403114]
[0.0215863772111844, 0.024475844762474525, -0.010699741349980679]
[0.019504632078892914, 0.022425919228348565, -0.025024359335608534]
[0.017560198892230598, 0.020445635278747428, -0.030832502165056726]
[0.01080716161044261, 0.019077683496890558, 0.02682202550820625]
[0.013317295075440026, 0.023550441693680684, 0.02063087500945466]
[0.015683300623116143, 0.027525668604333017, 0.006675181102891058]
[0.015907719986300504, 0.027673444280424488, -0.007979938578558164]
[0.01484183540488796, 0.025706812998840544, -0.02154046478107728]
[0.013757584693297813, 0.023828835678223685, -0.027307306623388358]
[0.019285119195936846, -0.011629928865872267, 0.02682202550820625]
[0.023816149325987326, -0.014061699749388023, 0.020971508253362678]
[0.02501582441283626, -0.0146090025198414, 0.007025737992352438]
[0.026884565082969186, -0.015577180741394912, -0.007272020684440579]
[0.026290641163232834, -0.015178908752760355, -0.020880588251828747]
[0.024793616979058, -0.014314601437043608, -0.026818529391645782]
[0.020992360871961768, -0.007841437433813393, 0.02682202550820625]
[0.026212892307562265, -0.00924606053212667, 0.02045203340626097]
[0.02895477336303866, -0.009744457045657708, 0.005468279382849355]
[0.03134340985229756, -0.010580227317786586, -0.010032491844706793]
[0.029341024573392403, -0.010111145394427878, -0.02440577908159783]
[0.026922165973944555, -0.009472242455117817, -0.03041439429037798]
[0.021386430860434704, 0.0007082315832605199, 0.026822025508206254]
[0.027751107557812505, 0.0014672313926232024, 0.019913221286641337]
[0.03233548227771163, 0.0019304339750967564, 0.0036959272187497105]
[0.03208489537776767, 0.0017091117963150696, -0.012942788041524583]
[0.028887716147162117, 0.0012610919956387954, -0.0278536701811891]
[0.02598473907911724, 0.0009510312528967716, -0.03377984903257307]
[0.018396952769463026, 0.009100278493323198, 0.026822025508206254]
[0.02469012132682494, 0.012104281212717886, 0.019937332331740814]
[0.0289639068589253, 0.013919851436395183, 0.0037925482177231084]
[0.027832781959542682, 0.01307230939849438, -0.012748066955148839]
[0.024904002509742038, 0.011697929755238822, -0.02755517777481421]
[0.02219496272934274, 0.010540051973807231, -0.033388942135848226]
[0.013009506525571268, 0.015251346951655302, 0.02682202550820625]
[0.017046482539314123, 0.01953285180405305, 0.020411786619861764]
[0.020592545254281606, 0.02319974240777583, 0.00570312801211165]
[0.020363228344237132, 0.022989750167115578, -0.009711300555342273]
[0.0184022272188253, 0.0210513778290838, -0.023754464583907287]
[0.01652128332479637, 0.019140186948788808, -0.02949445300305734]
[0.009721709874887945, 0.01710822979965478, 0.02682202550820625]
[0.012097636471400466, 0.0214314165181076, 0.020836421456696296]
[0.014473404170360998, 0.02539735896709853, 0.007254479910168032]
[0.014912134979136318, 0.025938137961707186, -0.007079113958584739]
[0.01396068160050918, 0.024180609840373866, -0.020405885831084474]
[0.012906334634573446, 0.02235442732656708, -0.026099120058674638]
[0.018013813549966784, -0.010781525739486465, 0.02682202550820625]
[0.022105201472521332, -0.013087440173360426, 0.02119861268869415]
[0.02240104061652321, -0.013111337256538787, 0.0075877391875541905]
[0.024866016229233293, -0.014415764639108552, -0.006316911245293952]
[0.024768299070991665, -0.01429998413600622, -0.019674786051754607]
[0.02340297614385793, -0.013511714576494763, -0.025523807382719067]
[0.01939108446293578, -0.007428827015976891, 0.02682202550820625]
[0.024010375623884306, -0.00850480002904819, 0.02067257551524982]
[0.026051913000312003, -0.008709615053936238, 0.006099404218271558]
[0.029538726461334302, -0.009871325091977318, -0.00899765451016496]
[0.027928864220906877, -0.009509343126245354, -0.023098900824684757]
[0.025628942495025286, -0.008910500249837843, -0.02902404093698907]
[0.019557733857075404, 0.0005501016428260531, 0.026822025508206254]
[0.025070896931179684, 0.0013248060378184949, 0.020127911209247982]
[0.029789447493804314, 0.0018561705760953913, 0.0044226572605863355]
[0.03040142624507076, 0.0016833570694942993, -0.01185750433374936]
[0.027190958632171424, 0.0012225750177772324, -0.02638449343304315]
[0.024652973922608297, 0.0009167291709863174, -0.03230069719174869]
[0.01656669011300764, 0.00803613232224954, 0.026822025508206254]
[0.022352241757192297, 0.010944786213082515, 0.020170441339354382]
[0.026816200745989546, 0.012881078089827953, 0.004521526505037354]
[0.026223092507060404, 0.012250367350998376, -0.011670929873842023]
[0.023323595538087293, 0.010829061753926412, -0.0260992785554435]
[0.02085869660231296, 0.009767512789667455, -0.031895020558754]
[0.01149562542257857, 0.013647511477177538, 0.02682202550820625]
[0.01536535921779614, 0.017589457494399063, 0.020626504371206448]
[0.01902049004021984, 0.021351953334098738, 0.006353732431820187]
[0.01914007947728986, 0.021503655571756635, -0.008722859760703867]
[0.01729982235875768, 0.019676836429819038, -0.022484569832206043]
[0.015482367757362147, 0.01783473861883019, -0.028156403841057952]
[0.008636258139333278, 0.015138776102419003, 0.02682202550820625]
[0.010877977867360904, 0.019312391342534513, 0.021041967903937933]
[0.013263507717605854, 0.023269049329864046, 0.007833778717445007]
[0.013916549971972128, 0.02420283164298989, -0.006178289338611314]
[0.013079527796130398, 0.022654406681907192, -0.019271306881091663]
[0.01205508457584908, 0.020880018974910472, -0.02489093349396092]
[0.017378160726981753, -0.010357324176293564, 0.02682202550820625]
[0.021249727545788338, -0.012600310385346628, 0.021312164906359884]
[0.02109364871836669, -0.01236250462488748, 0.007868739785155067]
[0.02385674180236535, -0.013835056587965371, -0.005839356525720639]
[0.024007128024871083, -0.013860521827629153, -0.01907188495171754]
[0.022707655726257898, -0.01311027114622034, -0.02487644637825571]
[0.018590446258422783, -0.007222521807058639, 0.02682202550820625]
[0.022909117282045328, -0.008134169777508951, 0.020782846569744245]
[0.024600482818948673, -0.008192194058075504, 0.006414966635982659]
[0.02863638476585267, -0.009516873979072686, -0.008480235842894044]
[0.027222784044664113, -0.009208441992154091, -0.02244546169622822]
[0.024982330755565656, -0.008629629147197858, -0.028328864260294618]
[0.018643385355395753, 0.0004710366726088197, 0.026822025508206254]
[0.023730791617863272, 0.0012535933604161413, 0.020235256170551306]
[0.028516430101850655, 0.0018190388765947087, 0.004786022281504648]
[0.02955969167872231, 0.0016704797060839143, -0.011314862479861748]
[0.02634257987467608, 0.001203316528846451, -0.025649905058970173]
[0.023987091344353822, 0.0008995781300310903, -0.0315611212713365]
[0.015651558784779945, 0.007504059236712711, 0.026822025508206254]
[0.021183301972375973, 0.01036503871326483, 0.020286995843161168]
[0.02574234768952167, 0.012361691416544338, 0.004886015648694476]
[0.025418247780819265, 0.011839396327250373, -0.011132361333188616]
[0.02253339205225992, 0.010394627753270205, -0.025371328945758144]
[0.02019056353879807, 0.009381243197597568, -0.03114805977020689]
[0.010738684871082222, 0.012845593739938658, 0.02682202550820625]
[0.014524797557037148, 0.016617760339572067, 0.02073386324687879]
[0.018234462433188957, 0.020428058797260194, 0.006679034641674455]
[0.018528505043816226, 0.020760608274077164, -0.008228639363384666]
[0.01674861992872387, 0.018989565730186654, -0.02184962245635542]
[0.014962909973645034, 0.01718201445385088, -0.02748737926005826]
[0.008093532271555947, 0.014154049253801114, 0.02682202550820625]
[0.010268148565341124, 0.01825287875474797, 0.021144741127558753]
[0.012658559491228282, 0.022204894511246805, 0.008123428121083494]
[0.013418757468390035, 0.02333517848363124, -0.005727877028624602]
[0.01263895089394101, 0.021891305102673852, -0.018704017406095258]
[0.011629459546486897, 0.02014281479908217, -0.02428684021160406]
[0.01243533921377461, 0.022031864042744223, 0.02682202550820625]
[0.015146782981499365, 0.026728979457040315, 0.020322555338592202]
[0.01749814530224886, 0.030718133060184744, 0.005806232891975596]
[0.017401097497046786, 0.030276403758500433, -0.009331175508518301]
[0.01616356611145613, 0.02799611773654056, -0.023242333206066498]
[0.015034459781384362, 0.026040448205708593, -0.029119586470458935]
[0.008641019559566494, 0.024443908477103374, 0.02682202550820625]
[0.010178503871364162, 0.029440861050765512, 0.01980344765939898]
[0.011705717605254006, 0.03371745427237061, 0.004089646930704508]
[0.011673648854920305, 0.03305003638393637, -0.012138433483599487]
[0.010724799656733125, 0.02965419434211587, -0.026598603348981488]
[0.009966627431631677, 0.027121236330230163, -0.032506553779900714]
[-0.001500207939481023, 0.026305879163969093, 0.026822025508206254]
[-0.0016138376771575502, 0.030497084841540328, 0.01912974232485373]
[-0.0015746034799494618, 0.035541256418831706, 0.0021400597362438074]
[-0.001197300242003489, 0.0341224618327408, -0.01527716489952383]
[-0.0010062327117619202, 0.030101096159706464, -0.030462748909252383]
[-0.001016116455870463, 0.02738279445051858, -0.036515844124392335]
[-0.012325426642893116, 0.023517219641040497, 0.026822025508206254]
[-0.013463667409511642, 0.02677542217538585, 0.019092146210295174]
[-0.015300517200393625, 0.03145791289384629, 0.0022383188791473556]
[-0.013996368839113265, 0.029349544131479506, -0.01498517489979339]
[-0.013110291177417027, 0.02683757049003361, -0.030546264924877185]
[-0.012317943389444436, 0.02440181119146361, -0.0365389211782168]
[-0.020456007833077702, 0.017411053917269832, 0.02682202550820625]
[-0.022565742959109677, 0.019186652905886708, 0.019653974775556898]
[-0.02574975468027802, 0.022230311583271205, 0.004305151399577879]
[-0.02368716929748467, 0.020529935488067228, -0.011519800381934404]
[-0.022328678062357332, 0.019225906312787193, -0.02615124587202119]
[-0.021174623960510452, 0.018090252970580423, -0.032164753614258385]
[-0.02313948574074143, 0.012719830109401406, 0.02682202550820625]
[-0.02545750369254147, 0.014445623711183079, 0.020191705466549647]
[-0.02877792054401233, 0.016450255816268307, 0.006017641787571319]
[-0.026743012857849854, 0.015385190886909633, -0.008735011899072817]
[-0.025057628893667184, 0.014467028787012488, -0.02241884297381279]
[-0.024067539155182397, 0.013895400209976377, -0.028291633419878504]
[0.011892613345997276, 0.021047137194126334, 0.02682202550820625]
[0.014536953679479585, 0.02566946686925377, 0.020425328562213022]
[0.016893197075871287, 0.029653978241567503, 0.006095882295614084]
[0.016903304993464693, 0.029408750599141782, -0.008880763198531589]
[0.01572298920926674, 0.02723301615730722, -0.022675043731070092]
[0.014608834752022178, 0.02530324402988029, -0.028515493188102075]
[0.008227652767677044, 0.02332830010474344, 0.02682202550820625]
[0.009778477851116636, 0.028276631177936235, 0.019922787614619523]
[0.011295591692375484, 0.03253378973228607, 0.00441271049652804]
[0.01134675839333663, 0.03211550936962281, -0.011640493717439434]
[0.01044351699073811, 0.028854841331339472, -0.02598370304712719]
[0.009691423671238809, 0.02633995201425603, -0.031852710696216785]
[-0.0014186761872898124, 0.025083668931573853, 0.026822025508206254]
[-0.0015553187775586065, 0.02922519971314562, 0.019260168950757686]
[-0.0015256394564817808, 0.034298480588818896, 0.0025000948994412684]
[-0.0011548749047578712, 0.033169351880664694, -0.014732886747598253]
[-0.0009569040202614977, 0.029231570653652707, -0.029777541977470727]
[-0.0009615131964262982, 0.026530969419663146, -0.03577744697893612]
[-0.011812640140948983, 0.02248466214156484, 0.026822025508206254]
[-0.012920940808222835, 0.02563370207323952, 0.019218883069162432]
[-0.014788636586837602, 0.030394095805416712, 0.002595085024849541]
[-0.013585450806531294, 0.02852061964885326, -0.01445919884835824]
[-0.012679480014960694, 0.026014850467665367, -0.029843867925578194]
[-0.011889098471064827, 0.02360712171196776, -0.03578748383487935]
[-0.019633665278073337, 0.01665267557117628, 0.02682202550820625]
[-0.021659224475639127, 0.018395914157770255, 0.019769665956180425]
[-0.02487946796160423, 0.021486384762070137, 0.004618109576379799]
[-0.023014172730134785, 0.019957904855195607, -0.011063952432945952]
[-0.021592407338889955, 0.018604362937542775, -0.025540892244795606]
[-0.020487634273569578, 0.017511809141899915, -0.03151529498217753]
[-0.022199753152536784, 0.012235423805788936, 0.02682202550820625]
[-0.024430846020939676, 0.013863704992505587, 0.020292240439003052]
[-0.027820650662038933, 0.015909049092569832, 0.006296775225289491]
[-0.02595905612131558, 0.014936397687487208, -0.008323855927117731]
[-0.02423065660616166, 0.013989576114208811, -0.021886093118904135]
[-0.023273418512180948, 0.013436914442970455, -0.027721258706571605]
[0.01080716161044261, 0.019077683496890558, 0.02682202550820625]
[0.013317295075440026, 0.023550441693680684, 0.02063087500945466]
[0.015683300623116143, 0.027525668604333017, 0.006675181102891058]
[0.015907719986300504, 0.027673444280424488, -0.007979938578558164]
[0.01484183540488796, 0.025706812998840544, -0.02154046478107728]
[0.013757584693297813, 0.023828835678223685, -0.027307306623388358]
[0.007400919183898146, 0.021097083360023573, 0.02682202550820625]
[0.008978425810621585, 0.025948171432277685, 0.0201614675250606]
[0.010475339866618437, 0.03016646065211699, 0.005058837628175105]
[0.010692977470169281, 0.030246455340995695, -0.010644614185119328]
[0.009880951658748081, 0.027256135309786683, -0.024753902443418598]
[0.009141016150453074, 0.024777383382307765, -0.03054502452884892]
[-0.0012556126829073907, 0.022639248466783377, 0.026822025508206254]
[-0.0014382809783607192, 0.026681429456356206, 0.0195210222025656]
[-0.001427711409546419, 0.031812928928793276, 0.0032201652258361906]
[-0.001070024230266636, 0.031263131976512495, -0.0136443304437471]
[-0.0008582466372606529, 0.027492519641545185, -0.028407128113907408]
[-0.0008523066775379684, 0.024827319357952272, -0.03430065268802368]
[-0.010787067137060716, 0.020419547142613525, 0.026822025508206254]
[-0.011835487605645218, 0.023350261868946863, 0.019472356786896943]
[-0.013764875359725556, 0.028266461628557546, 0.0033086173162539118]
[-0.012763614741367352, 0.026862770683600767, -0.013407246745487942]
[-0.01181785769004803, 0.024369410422928884, -0.028439073926980217]
[-0.011031408634305608, 0.02201774275297606, -0.034284609148204456]
[-0.017988980168064606, 0.015135918878989173, 0.02682202550820625]
[-0.019846187508698022, 0.01681443666153735, 0.02000104831742748]
[-0.023138894524256645, 0.019998531119668, 0.0052440259299836416]
[-0.021668179595435016, 0.01881384358945236, -0.010152256534969045]
[-0.020119865891955205, 0.017361276187053944, -0.02432018499034444]
[-0.019113654899687832, 0.0163549214845389, -0.03021637771801583]
[-0.020320287976127484, 0.011266611198563996, 0.02682202550820625]
[-0.022377530677736086, 0.012699867555150604, 0.020493310383909866]
[-0.025906110898092142, 0.014826635645172878, 0.006855042100725836]
[-0.02439114264824703, 0.014038811288642358, -0.007501543983207561]
[-0.022576712031150605, 0.013034670768601455, -0.02082059340908683]
[-0.021685177226178052, 0.01251994290895861, -0.02658050927995781]
[0.009721709874887945, 0.01710822979965478, 0.02682202550820625]
[0.012097636471400466, 0.0214314165181076, 0.020836421456696296]
[0.014473404170360998, 0.02539735896709853, 0.007254479910168032]
[0.014912134979136318, 0.025938137961707186, -0.007079113958584739]
[0.01396068160050918, 0.024180609840373866, -0.020405885831084474]
[0.012906334634573446, 0.02235442732656708, -0.026099120058674638]
[0.0065741856001192474, 0.018865866615303706, 0.02682202550820625]
[0.008178373770126535, 0.023619711686619135, 0.020400147435501684]
[0.009655088040861393, 0.02779913157194791, 0.00570496475982217]
[0.010039196547001934, 0.028377401312368586, -0.009648734652799222]
[0.009318386326758053, 0.025657429288233894, -0.023524101839710005]
[0.008590608629667339, 0.023214814750359504, -0.029237338361481062]
[-0.001092549178524969, 0.020194828001992897, 0.026822025508206254]
[-0.0013212431791628319, 0.024137659199566792, 0.019781875454373512]
[-0.001329783362611057, 0.029327377268767656, 0.003940235552231113]
[-0.0009851735557754007, 0.029356912072360287, -0.012555774139895948]
[-0.000759589254259808, 0.02575346862943767, -0.027036714250344096]
[-0.0007431001586496388, 0.023123669296241406, -0.032823858397111244]
[-0.009761494133172451, 0.018354432143662208, 0.026822025508206254]
[-0.010750034403067604, 0.021066821664654206, 0.019725830504631454]
[-0.012741114132613508, 0.02613882745169838, 0.004022149607658282]
[-0.01194177867620341, 0.025204921718348275, -0.012355294642617644]
[-0.010956235365135365, 0.022723970378192397, -0.027034279928382234]
[-0.010173718797546388, 0.02042836379398436, -0.032781734461529564]
[-0.016344295058055874, 0.013619162186802066, 0.02682202550820625]
[-0.01803315054175692, 0.015232959165304446, 0.020232430678674536]
[-0.02139832108690906, 0.01851067747726587, 0.005869942283587483]
[-0.020322186460735248, 0.017669782323709117, -0.00924056063699214]
[-0.01864732444502045, 0.01611818943656511, -0.02309947773589327]
[-0.017739675525806086, 0.015198033827177887, -0.028917460453854127]
[-0.01844082279971819, 0.010297798591339054, 0.02682202550820625]
[-0.0203242153345325, 0.01153603011779562, 0.020694380328816677]
[-0.023991571134145347, 0.013744222197775924, 0.007413308976162181]
[-0.02282322917517848, 0.013141224889797508, -0.00667923203929739]
[-0.020922767456139555, 0.0120797654229941, -0.019755093699269526]
[-0.020096935940175153, 0.011602971374946766, -0.025439759853344013]
[0.008636258139333278, 0.015138776102419003, 0.02682202550820625]
[0.010877977867360904, 0.019312391342534513, 0.021041967903937933]
[0.013263507717605854, 0.023269049329864046, 0.007833778717445007]
[0.013916549971972128, 0.02420283164298989, -0.006178289338611314]
[0.013079527796130398, 0.022654406681907192, -0.019271306881091663]
[0.01205508457584908, 0.020880018974910472, -0.02489093349396092]
[0.0057474520163403485, 0.01663464987058384, 0.02682202550820625]
[0.007378321729631484, 0.021291251940960584, 0.020638827345942762]
[0.008834836215104346, 0.025431802491778833, 0.006351091891469235]
[0.009385415623834584, 0.02650834728374147, -0.008652855120479115]
[0.008755820994768022, 0.024058723266681105, -0.022294301236001412]
[0.008040201108881604, 0.02165224611841124, -0.027929652194113197]
[-0.0009294856741425475, 0.01775040753720242, 0.026822025508206254]
[-0.0012042053799649443, 0.021593888942777376, 0.020042728706181425]
[-0.0012318553156756952, 0.026841825608742032, 0.004660305878626035]
[-0.0009003228812841655, 0.02745069216820808, -0.011467217836044794]
[-0.0006609318712589631, 0.02401441761733015, -0.025666300386780777]
[-0.000633893639761309, 0.021420019234530532, -0.03134706410619881]
[-0.008735921129284185, 0.016289317144710894, 0.026822025508206254]
[-0.009664581200489988, 0.018783381460361553, 0.019979304222365966]
[-0.011717352905501462, 0.024011193274839214, 0.004735681899062654]
[-0.011119942611039468, 0.023547072753095786, -0.011303342539747345]
[-0.0100946130402227, 0.021078530333455914, -0.025629485929784257]
[-0.009316028960787169, 0.018838984834992658, -0.031278859774854666]
[-0.01469960994804714, 0.01210240549461496, 0.02682202550820625]
[-0.016220113574815814, 0.013651481669071541, 0.02046381303992159]
[-0.019657747649561477, 0.017022823834863733, 0.006495858637191325]
[-0.01897619332603548, 0.01652572105796587, -0.008328864739015233]
[-0.0171747829980857, 0.014875102686076277, -0.021878770481442104]
[-0.01636569615192434, 0.014041146169816873, -0.027618543189692424]
[-0.01656135762330889, 0.009328985984114115, 0.02682202550820625]
[-0.018270899991328908, 0.010372192680440637, 0.02089545027372349]
[-0.022077031370198556, 0.012661808750378973, 0.007971575851598526]
[-0.02125531570210993, 0.012243638490952658, -0.005856920095387219]
[-0.0192688228811285, 0.011124860077386745, -0.01868959398945222]
[-0.018508694654172257, 0.010685999840934922, -0.024299010426730216]
[0.008093532271555947, 0.014154049253801114, 0.02682202550820625]
[0.010268148565341124, 0.01825287875474797, 0.021144741127558753]
[0.012658559491228282, 0.022204894511246805, 0.008123428121083494]
[0.013418757468390035, 0.02333517848363124, -0.005727877028624602]
[0.01263895089394101, 0.021891305102673852, -0.018704017406095258]
[0.011629459546486897, 0.02014281479908217, -0.02428684021160406]
[0.005334085224450899, 0.015519041498223906, 0.02682202550820625]
[0.0069782957093839585, 0.020127022068131308, 0.020758167301163304]
[0.008424710302225824, 0.024248137951694292, 0.006674155457292767]
[0.00905852516225091, 0.025573820269427915, -0.008154915354319062]
[0.008474538328773009, 0.02325937025590471, -0.021679400934147115]
[0.007764997348488736, 0.020870961802437107, -0.027275809110429268]
[-0.0008479539219513367, 0.01652819730480718, 0.026822025508206254]
[-0.0011456864803660008, 0.02032200381438267, 0.02017315533208538]
[-0.0011828912922080142, 0.025599049778729222, 0.005020341041823495]
[-0.0008578975440385479, 0.02649758221613198, -0.010922939684119217]
[-0.0006116031797585407, 0.02314489211127639, -0.02498109345499912]
[-0.0005792903803171442, 0.0205681942036751, -0.03060866696074259]
[-0.008223134627340051, 0.015256759645235235, 0.026822025508206254]
[-0.00912185459920118, 0.017641661358215224, 0.020106041081233223]
[-0.01120547229194544, 0.022947376186409633, 0.005092448044764839]
[-0.010709024578457496, 0.02271814827046954, -0.010777366488312196]
[-0.009663801877766368, 0.020255810311087672, -0.024927088930485265]
[-0.00888718404240756, 0.018044295355496807, -0.03052742243151722]
[-0.013877267393042774, 0.011344027148521407, 0.02682202550820625]
[-0.015313595091345262, 0.01286074292095509, 0.02057950422054512]
[-0.018787460930887685, 0.016278897013662665, 0.006808816813993246]
[-0.018303196758685594, 0.015953690425094248, -0.00787301679002678]
[-0.016438512274618323, 0.01425355931083186, -0.02126841685421652]
[-0.015678706464983466, 0.013462702341136366, -0.026969084557611572]
[-0.015621625035104243, 0.008844579680501645, 0.02682202550820625]
[-0.017244242319727113, 0.009790273961763145, 0.020995985246176897]
[-0.02111976148822516, 0.012120602026680496, 0.008250709289316698]
[-0.020471358965575656, 0.011794845291530234, -0.005445764123432134]
[-0.018441850593622976, 0.010647407404583068, -0.018156844134543566]
[-0.017714574011170808, 0.010227514073929, -0.02372863571342332]
[-0.013265918294773507, -0.0205572292197548, 0.02682202550820625]
[-0.015674359173526477, -0.025686041917824927, 0.020359542430316895]
[-0.017096701364797223, -0.028912305255172674, 0.005997801412969192]
[-0.015564527371766517, -0.026725202153533318, -0.008776677335704747]
[-0.01476988811912313, -0.02558219664442914, -0.022613292663779684]
[-0.014322455368913077, -0.024807220388095085, -0.028602048810331418]
[-0.01713703390209622, -0.018745497234940674, 0.02682202550820625]
[-0.021018484668088366, -0.023135419362876518, 0.01989361758437703]
[-0.023082445319926946, -0.026083374659790687, 0.004357420424863645]
[-0.020384373286726296, -0.02350054954434903, -0.011461542816018282]
[-0.019137923425819024, -0.02246986664054036, -0.026180975576904304]
[-0.01836829084548284, -0.021695571822869367, -0.03237198715533096]
[-0.024102302953359103, -0.011275365321785887, 0.026822025508206254]
[-0.02942386273768994, -0.014407772570155967, 0.01945755026216212]
[-0.031905915176439745, -0.01607164005515179, 0.002435153845942427]
[-0.027525119761081074, -0.014078452254294025, -0.014564908320810109]
[-0.025801443032698747, -0.013458643629806538, -0.03030469639933749]
[-0.024588348027744535, -0.012966130894094338, -0.036717394528451165]
[-0.027018267673319912, -0.0019579387942495214, 0.026822025508206254]
[-0.03232547799488223, -0.0021176983492643786, 0.01938006424857023]
[-0.03534092343235059, -0.00230213641436675, 0.0024423462032028675]
[-0.030626136453069948, -0.0019989227036151603, -0.014532116419944664]
[-0.028343336303426888, -0.0017264059578995937, -0.030073104308676185]
[-0.027156551414347422, -0.0015509787607919357, -0.03647435444262836]
[-0.025356767311048283, 0.008843603134724128, 0.02682202550820625]
[-0.028983687973411852, 0.009627653303287962, 0.01975289083683663]
[-0.0320417544394724, 0.01091555945331133, 0.004364165359656023]
[-0.028852037656171538, 0.01003920555622054, -0.01135371475512971]
[-0.026727712277919556, 0.009484697753750762, -0.025797138944352704]
[-0.02561542080523155, 0.009155587939356877, -0.03186683543640315]
[-0.02313948574074143, 0.012719830109401406, 0.02682202550820625]
[-0.02545750369254147, 0.014445623711183079, 0.020191705466549647]
[-0.02877792054401233, 0.016450255816268307, 0.006017641787571319]
[-0.026743012857849854, 0.015385190886909633, -0.008735011899072817]
[-0.025057628893667184, 0.014467028787012488, -0.02241884297381279]
[-0.024067539155182397, 0.013895400209976377, -0.028291633419878504]
[-0.012890214332998579, -0.020139097248201416, 0.02682202550820625]
[-0.015259221838525098, -0.02506062071581619, 0.02047125011358781]
[-0.01653953469327875, -0.028000578254554882, 0.006289526316395968]
[-0.014891624912777556, -0.025577472233605163, -0.00833329591022955]
[-0.014137090808361171, -0.024486159551296485, -0.022028844881568352]
[-0.01376407433830895, -0.023840076073106075, -0.027974352214946006]
[-0.016620939299890586, -0.01833143911454504, 0.02682202550820625]
[-0.0203547890082875, -0.022501091044387696, 0.020007220659154185]
[-0.02228465080457562, -0.025228361567099407, 0.004677824204971749]
[-0.019497447103411957, -0.022488218837773917, -0.01097316368924631]
[-0.01834017675889661, -0.021523180886466334, -0.02552980863058716]
[-0.017704660204184333, -0.020896671057274736, -0.03167942572566516]
[-0.023241032424196693, -0.01101479238444659, 0.026822025508206254]
[-0.02830840994041559, -0.01393614756147663, 0.01956041908696619]
[-0.030832184316112538, -0.015531630739781074, 0.0027887825053883623]
[-0.026383899416981455, -0.013446861076061854, -0.01403267706050307]
[-0.024918445608324083, -0.012948798897397213, -0.02960726045519163]
[-0.023775965607098097, -0.0125085361672074, -0.03594890310906516]
[-0.026028868792631825, -0.0019452308426341797, 0.026822025508206254]
[-0.031002444495405793, -0.0020623637500881403, 0.0194799832973166]
[-0.03419902628975022, -0.002203613004796642, 0.0027917765545377175]
[-0.029490040989446263, -0.0018615883687834755, -0.014017727723931011]
[-0.027367266367655983, -0.0016103055380343987, -0.029387533149053048]
[-0.026264518475609018, -0.0014676275815150416, -0.0357252035200445]
[-0.024409893008924023, 0.008456822169415174, 0.02682202550820625]
[-0.02782540536747915, 0.009240091293437986, 0.019861281804369843]
[-0.031031596966320647, 0.010584519302030904, 0.00467651327394052]
[-0.027979510497246785, 0.00975333257037603, -0.010907969448964225]
[-0.025805101689780653, 0.009172624449744959, -0.025204269835557264]
[-0.024762038943170684, 0.008863303593016117, -0.031230804519662016]
[-0.022199753152536784, 0.012235423805788936, 0.02682202550820625]
[-0.024430846020939676, 0.013863704992505587, 0.020292240439003052]
[-0.027820650662038933, 0.015909049092569832, 0.006296775225289491]
[-0.02595905612131558, 0.014936397687487208, -0.008323855927117731]
[-0.02423065660616166, 0.013989576114208811, -0.021886093118904135]
[-0.023273418512180948, 0.013436914442970455, -0.027721258706571605]
[-0.012138806409448722, -0.019302833305094642, 0.02682202550820625]
[-0.014428947168522341, -0.023809778311798716, 0.020694665480129635]
[-0.0154252013502418, -0.026177124253319306, 0.006872976123249519]
[-0.013545819994799636, -0.02328201239374885, -0.007446533059279156]
[-0.012871496186837257, -0.022294085365031177, -0.020859949317145687]
[-0.012647312277100696, -0.02190578744312805, -0.026718959024175183]
[-0.015588750095479317, -0.017503322873753772, 0.02682202550820625]
[-0.01902739768868577, -0.021232434407410055, 0.020234426808708496]
[-0.020689061773872967, -0.023518335381716843, 0.005318631765187958]
[-0.017723594736783276, -0.02046355742462369, -0.009996405435702365]
[-0.016744683425051782, -0.019629809378318284, -0.024227474737952868]
[-0.01637739892158732, -0.019298869526085477, -0.03029430286633355]
[-0.021518491365871882, -0.010493646509767996, 0.026822025508206254]
[-0.026077504345866885, -0.012992897544117957, 0.01976615673657433]
[-0.02868472259545812, -0.014451612109039641, 0.0034960398242802333]
[-0.024101458728782214, -0.012183678719597513, -0.01296821453988899]
[-0.023152450759574752, -0.011929109432578563, -0.02821238856689991]
[-0.02215120076580522, -0.011593346713433523, -0.03441192027029314]
[-0.024050071031255654, -0.0019198149394034961, 0.026822025508206254]
[-0.028356377496452916, -0.0019516945517356634, 0.019679821394809345]
[-0.03191523200454946, -0.002006566185656426, 0.0034906372572074177]
[-0.02721785006219889, -0.001586919699120106, -0.012988950331903707]
[-0.025415126496114174, -0.001378104698304009, -0.028016390829806778]
[-0.024480452598132207, -0.0013009252229612537, -0.03422690167487678]
[-0.02251614440467551, 0.007683260238797266, 0.02682202550820625]
[-0.025508840155613735, 0.008464967273738034, 0.02007806373943627]
[-0.029011282020017137, 0.009922438999470056, 0.005301209102509513]
[-0.026234456179397278, 0.009181586598687008, -0.010016478836633256]
[-0.023959880513502844, 0.008548477841733354, -0.024018531617966386]
[-0.02305527521904895, 0.008278734900334598, -0.02995874268617975]
[-0.020320287976127484, 0.011266611198563996, 0.02682202550820625]
[-0.022377530677736086, 0.012699867555150604, 0.020493310383909866]
[-0.025906110898092142, 0.014826635645172878, 0.006855042100725836]
[-0.02439114264824703, 0.014038811288642358, -0.007501543983207561]
[-0.022576712031150605, 0.013034670768601455, -0.02082059340908683]
[-0.021685177226178052, 0.01251994290895861, -0.02658050927995781]
[-0.011387398485898863, -0.01846656936198787, 0.02682202550820625]
[-0.013598672498519584, -0.022558935907781238, 0.02091808084667146]
[-0.014310868007204852, -0.024353670252083723, 0.00745642593010307]
[-0.012200015076821714, -0.02098655255389254, -0.0065597702083287635]
[-0.01160590156531334, -0.02010201117876587, -0.019691053752723026]
[-0.011530550215892443, -0.01997149881315003, -0.02546356583340436]
[-0.014556560891068049, -0.016675206632962503, 0.02682202550820625]
[-0.01770000636908404, -0.019963777770432414, 0.020461632958262803]
[-0.019093472743170314, -0.02180830919633428, 0.005959439325404166]
[-0.015949742370154597, -0.018438896011473464, -0.009019647182158419]
[-0.015149190091206953, -0.017736437870170232, -0.022925140845318576]
[-0.015050137638990312, -0.01770106799489622, -0.028909180007001937]
[-0.019795950307547064, -0.009972500635089402, 0.026822025508206254]
[-0.02384659875131818, -0.012049647526759286, 0.01997189438618247]
[-0.0265372608748037, -0.013371593478298208, 0.004203297143172104]
[-0.021819018040582974, -0.010920496363133173, -0.01190375201927491]
[-0.02138645591082542, -0.010909419967759914, -0.02681751667860819]
[-0.020526435924512344, -0.010678157259659645, -0.03287493743152112]
[-0.02207127326987948, -0.0018943990361728127, 0.026822025508206254]
[-0.02571031049750004, -0.0018410253533831867, 0.019879659492302092]
[-0.029631437719348713, -0.00180951936651621, 0.004189497959877117]
[-0.02494565913495152, -0.0013122510294567365, -0.011960172939876402]
[-0.023462986624572364, -0.001145903858573619, -0.026645248510560507]
[-0.0226963867206554, -0.0011342228644074656, -0.03272859982970905]
[-0.02062239580042699, 0.006909698308179358, 0.02682202550820625]
[-0.02319227494374833, 0.007689843254038082, 0.020294845674502692]
[-0.02699096707371363, 0.009260358696909207, 0.005925904931078506]
[-0.02448940186154777, 0.008609840626997985, -0.009124988224302287]
[-0.022114659337225038, 0.007924331233721748, -0.022832793400375508]
[-0.021348511494927218, 0.007694166207653078, -0.028686680852697474]
[-0.01844082279971819, 0.010297798591339054, 0.02682202550820625]
[-0.0203242153345325, 0.01153603011779562, 0.020694380328816677]
[-0.023991571134145347, 0.013744222197775924, 0.007413308976162181]
[-0.02282322917517848, 0.013141224889797508, -0.00667923203929739]
[-0.020922767456139555, 0.0120797654229941, -0.019755093699269526]
[-0.020096935940175153, 0.011602971374946766, -0.025439759853344013]
[-0.010635990562349006, -0.017630305418881095, 0.02682202550820625]
[-0.012768397828516827, -0.021308093503763764, 0.021141496213213287]
[-0.013196534664167902, -0.022530216250848147, 0.008039875736956623]
[-0.010854210158843794, -0.01869109271403623, -0.005673007357378369]
[-0.010340306943789426, -0.017909936992500562, -0.018522158188300362]
[-0.01041378815468419, -0.018037210183172007, -0.024208172642633537]
[-0.01352437168665678, -0.015847090392171234, 0.02682202550820625]
[-0.016372615049482307, -0.01869512113345477, 0.020688839107817113]
[-0.01749788371246766, -0.02009828301095172, 0.0066002468856203745]
[-0.014175890003525916, -0.016414234598323238, -0.008042888928614475]
[-0.013553696757362125, -0.015843066362022182, -0.021622806952684287]
[-0.013722876356393302, -0.01610326646370696, -0.02752405714767033]
[-0.018073409249222253, -0.009451354760410808, 0.026822025508206254]
[-0.021615693156769478, -0.011106397509400612, 0.020177632035790607]
[-0.024389799154149287, -0.012291574847556776, 0.004910554462063975]
[-0.019536577352383733, -0.009657314006668832, -0.01083928949866083]
[-0.019620461062076093, -0.009889730502941266, -0.025422644790316473]
[-0.01890167108321947, -0.009762967805885769, -0.0313379545927491]
[-0.020092475508503307, -0.0018689831329421292, 0.026822025508206254]
[-0.023064243498547164, -0.0017303561550307098, 0.020079497589794836]
[-0.027347643434147962, -0.0016124725473759941, 0.004888358662546818]
[-0.022673468207704148, -0.0010375823597933672, -0.010931395547849098]
[-0.02151084675303055, -0.0009137030188432294, -0.025274106191314233]
[-0.020912320843178588, -0.0009675205058536774, -0.031230297984541328]
[-0.018728647196178477, 0.006136136377561449, 0.02682202550820625]
[-0.020875709731882915, 0.006914719234338129, 0.02051162760956912]
[-0.02497065212741012, 0.008598278394348357, 0.0065506007596475]
[-0.02274434754369827, 0.008038094655308962, -0.008233497611971318]
[-0.02026943816094723, 0.007300184625710142, -0.021647055182784626]
[-0.019641747770805483, 0.007109597514971559, -0.027414619019215207]
[-0.01656135762330889, 0.009328985984114115, 0.02682202550820625]
[-0.018270899991328908, 0.010372192680440637, 0.02089545027372349]
[-0.022077031370198556, 0.012661808750378973, 0.007971575851598526]
[-0.02125531570210993, 0.012243638490952658, -0.005856920095387219]
[-0.0192688228811285, 0.011124860077386745, -0.01868959398945222]
[-0.018508694654172257, 0.010685999840934922, -0.024299010426730216]
[-0.010260286600574077, -0.01721217344732771, 0.02682202550820625]
[-0.012353260493515449, -0.020682672301755026, 0.0212532038964842]
[-0.012639367992649428, -0.021618489250230355, 0.008331600640383397]
[-0.010181307699854833, -0.017543362794108074, -0.005229625931903173]
[-0.009707509633027467, -0.016813899899367907, -0.01793771040608903]
[-0.009855407124080062, -0.017070065868182997, -0.023580476047248125]
[-0.013008277084451146, -0.0154330322717756, 0.02682202550820625]
[-0.01570891938968144, -0.01806079281496595, 0.020802442182594267]
[-0.016700089197116335, -0.019243269918260437, 0.006920650665728479]
[-0.013288963820211575, -0.015401903891748127, -0.007554509801842501]
[-0.012755950090439712, -0.014896380607948156, -0.02097164000636714]
[-0.013059245715094796, -0.01530436569811233, -0.026831495718004524]
[-0.017212138720059843, -0.00919078182307151, 0.026822025508206254]
[-0.020500240359495128, -0.010634772500721276, 0.02028050086059468]
[-0.023316068293822077, -0.01175156553218606, 0.00526418312150991]
[-0.018395357008284114, -0.009025722828436661, -0.01030705823835379]
[-0.018737463637701426, -0.009379885770531941, -0.02472520884617061]
[-0.018089288662573033, -0.00930537307899883, -0.030569463173363093]
[-0.01910307662781522, -0.0018562751813267875, 0.026822025508206254]
[-0.021741209999070726, -0.0016750215558544715, 0.020179416638541208]
[-0.026205746291547587, -0.0015139491378058862, 0.005237789013881668]
[-0.021537372744080463, -0.0009002480249616824, -0.010417006851835445]
[-0.020534776817259646, -0.0007976025989780344, -0.0245885350316911]
[-0.020020287904440184, -0.0008841693265767834, -0.030481147061957467]
[-0.017781772894054217, 0.0057493554122524946, 0.02682202550820625]
[-0.01971742712595021, 0.006527157224488153, 0.02062001857710233]
[-0.023960494654258365, 0.008267238243067934, 0.006862948673931996]
[-0.021871820384773515, 0.007752221669464452, -0.007787752305805834]
[-0.019346827572808326, 0.006988111321704339, -0.02105418607398919]
[-0.018788365908744616, 0.006817313168630799, -0.02677858810247407]
[-0.015621625035104243, 0.008844579680501645, 0.02682202550820625]
[-0.017244242319727113, 0.009790273961763145, 0.020995985246176897]
[-0.02111976148822516, 0.012120602026680496, 0.008250709289316698]
[-0.020471358965575656, 0.011794845291530234, -0.005445764123432134]
[-0.018441850593622976, 0.010647407404583068, -0.018156844134543566]
[-0.017714574011170808, 0.010227514073929, -0.02372863571342332]
[0.022463383310862, -0.013750936681836771, 0.02682202550820625]
[0.028093518959652303, -0.016497348689457014, 0.020403747165034]
[0.03155278390361888, -0.018353165678097933, 0.005620735004348056]
[0.03193093721730891, -0.018480720997110813, -0.009659794282307146]
[0.03009649639383575, -0.01737622029464569, -0.023895093752014096]
[0.028270219067058164, -0.01632181858841572, -0.030055334413962565]
[0.020706042623684886, -0.017136278828401262, 0.02682202550820625]
[0.025385012160756483, -0.02211572332493815, 0.019938229980389233]
[0.02785483410953961, -0.023987804744740323, 0.0038373441194621072]
[0.028050739486372753, -0.024059261697925455, -0.012545860454221515]
[0.026032510116739013, -0.022067084284975134, -0.02743246492379119]
[0.024257443262276773, -0.020346521572929967, -0.03369478985742597]
[0.012522867290700585, -0.02464039535835893, 0.026822025508206254]
[0.015677442318351897, -0.030221048937688122, 0.019420287146184864]
[0.016685922441095142, -0.031453275820354815, 0.0018453341658787356]
[0.016725006152680324, -0.03076442117648913, -0.015552092983697946]
[0.015470068904330269, -0.028460752331166447, -0.03130230475407641]
[0.013932375553054781, -0.025937017516241504, -0.03751597013378841]
[0.0018781088952468101, -0.025705172699897808, 0.026822025508206254]
[0.00251098185567597, -0.03272431419425525, 0.019433150418004946]
[0.002952963516897245, -0.0340368512098231, 0.002032587832360701]
[0.0032217887949174302, -0.032348921069308166, -0.015071803260470638]
[0.002700589240349077, -0.03068163054782671, -0.030975885248097586]
[0.002042987961372334, -0.02844059135218589, -0.037177691264409736]
[-0.008650410916801245, -0.022717345852824516, 0.02682202550820625]
[-0.010410271065186955, -0.029182742610644876, 0.019890106190033344]
[-0.011068703032835659, -0.03193362849641093, 0.00421460632064936]
[-0.010003944317419805, -0.029304819718672576, -0.011516331351575565]
[-0.009717270125500067, -0.028249524228897902, -0.026353703328505715]
[-0.009435219883636166, -0.027078049283207402, -0.03255508753783991]
[-0.013265918294773507, -0.0205572292197548, 0.02682202550820625]
[-0.015674359173526477, -0.025686041917824927, 0.020359542430316895]
[-0.017096701364797223, -0.028912305255172674, 0.005997801412969192]
[-0.015564527371766517, -0.026725202153533318, -0.008776677335704747]
[-0.01476988811912313, -0.02558219664442914, -0.022613292663779684]
[-0.014322455368913077, -0.024807220388095085, -0.028602048810331418]
[0.021827730487876968, -0.01332673511864387, 0.02682202550820625]
[0.02723804503291931, -0.016010218901443215, 0.020517299382699736]
[0.03024539200546236, -0.017604333046446628, 0.0059017356019489325]
[0.03092166279044097, -0.017900012945967634, -0.009182239562733832]
[0.029335325347715165, -0.016936757986268623, -0.023292192651977028]
[0.02757489864945813, -0.0159203751581413, -0.02940797340949921]
[0.02008593246035738, -0.016816747694295277, 0.02682202550820625]
[0.02468297879375924, -0.021572432919943277, 0.020075131531742035]
[0.026662548768132635, -0.022962302409405663, 0.00415639854907878]
[0.027147214382624914, -0.023252079119411035, -0.012012240536046232]
[0.02538132754442721, -0.021476081734499296, -0.02676641998052575]
[0.023658425864702695, -0.01981480040284343, -0.03297780794674522]
[0.012077411968680797, -0.024166746660140657, 0.026822025508206254]
[0.015243421419053332, -0.029606611365089068, 0.0195726232650797]
[0.015926611818364706, -0.030060188873320008, 0.002206889739091263]
[0.016167733544252483, -0.029595469163806162, -0.014967976777959016]
[0.015076893547573631, -0.027554231952783254, -0.03055308904098913]
[0.013603290501400259, -0.025178352784639424, -0.03672624121689071]
[0.0018594751752688274, -0.025254830112262597, 0.026822025508206254]
[0.002403243419792807, -0.032170797106027695, 0.019590322854075817]
[0.002819297191655693, -0.032689917516586155, 0.002398346754408003]
[0.0031342582170249145, -0.030877340757687728, -0.014494027632353471]
[0.002675113595089253, -0.029667778497523316, -0.03024416826012016]
[0.0020326894410424624, -0.027487111079476715, -0.03637740846150557]
[-0.008479765281856658, -0.02226996710507518, 0.02682202550820625]
[-0.010173082222796346, -0.02859047934127417, 0.020024620024996383]
[-0.010712920303501041, -0.03090168474107389, 0.004544243276947615]
[-0.009549109516384522, -0.027971743054946745, -0.011019672800591919]
[-0.009309331129620547, -0.02708020403489752, -0.02569211142823557]
[-0.009083002456360158, -0.026100520663380315, -0.03185068398080486]
[-0.012890214332998579, -0.020139097248201416, 0.02682202550820625]
[-0.015259221838525098, -0.02506062071581619, 0.02047125011358781]
[-0.01653953469327875, -0.028000578254554882, 0.006289526316395968]
[-0.014891624912777556, -0.025577472233605163, -0.00833329591022955]
[-0.014137090808361171, -0.024486159551296485, -0.022028844881568352]
[-0.01376407433830895, -0.023840076073106075, -0.027974352214946006]
[0.020556424841906906, -0.012478331992258068, 0.02682202550820625]
[0.025527097179453315, -0.01503595932541562, 0.020744403818031207]
[0.02763060820914931, -0.016106667783144013, 0.006463736797150685]
[0.028903113936705076, -0.016738596843681272, -0.008227130123587206]
[0.027812983255474, -0.01605783336951449, -0.022086390451902888]
[0.026184257814258063, -0.015117488297592453, -0.028113251400572494]
[0.018845712133702373, -0.016177685426083308, 0.02682202550820625]
[0.023278912059764748, -0.020485852109953528, 0.020348934634447632]
[0.02427797808531869, -0.020911297738736345, 0.004794507408312125]
[0.025340164175129236, -0.02163771396238219, -0.010945000699695664]
[0.024078962399803606, -0.02029407663354762, -0.025434330093994865]
[0.02246039106955454, -0.01875135806267035, -0.03154384412538372]
[0.011186501324641222, -0.023219449263704117, 0.026822025508206254]
[0.014375379620456201, -0.028377736219890953, 0.01987729550286936]
[0.014407990572903838, -0.027274014979250395, 0.0029300008855163177]
[0.015053188327396801, -0.027257565138440226, -0.013799744366481155]
[0.014290542834060357, -0.025741191196016873, -0.029054657614814575]
[0.012945120398091212, -0.023661023321435257, -0.0351467833830953]
[0.0018222077353128622, -0.024354144936992176, 0.026822025508206254]
[0.002187766548026481, -0.031063762929572587, 0.019904667726217566]
[0.0025519645411725897, -0.029996050130112258, 0.0031298645985026073]
[0.002959197061239883, -0.02793418013444685, -0.01333847637611914]
[0.0026241623045696045, -0.02764007439691653, -0.028780734284165305]
[0.002012092400382719, -0.025580150534058363, -0.034776842855697244]
[-0.008138474011967482, -0.021375209609576513, 0.02682202550820625]
[-0.009698704538015126, -0.027405952802532756, 0.020293647694922465]
[-0.010001354844831804, -0.0288377972303998, 0.0052035171895441264]
[-0.008639439914313957, -0.02530558972749508, -0.010026355698624626]
[-0.008493453137861508, -0.024741563646896753, -0.02436892762769528]
[-0.00837856760180814, -0.02414546342372614, -0.03044187686673476]
[-0.012138806409448722, -0.019302833305094642, 0.02682202550820625]
[-0.014428947168522341, -0.023809778311798716, 0.020694665480129635]
[-0.0154252013502418, -0.026177124253319306, 0.006872976123249519]
[-0.013545819994799636, -0.02328201239374885, -0.007446533059279156]
[-0.012871496186837257, -0.022294085365031177, -0.020859949317145687]
[-0.012647312277100696, -0.02190578744312805, -0.026718959024175183]
[0.019285119195936846, -0.011629928865872267, 0.02682202550820625]
[0.023816149325987326, -0.014061699749388023, 0.020971508253362678]
[0.02501582441283626, -0.0146090025198414, 0.007025737992352438]
[0.026884565082969186, -0.015577180741394912, -0.007272020684440579]
[0.026290641163232834, -0.015178908752760355, -0.020880588251828747]
[0.024793616979058, -0.014314601437043608, -0.026818529391645782]
[0.01760549180704736, -0.015538623157871337, 0.02682202550820625]
[0.021874845325770262, -0.01939927129996378, 0.020622737737153236]
[0.02189340740250474, -0.018860293068067024, 0.005432616267545471]
[0.023533113967633558, -0.020023348805353346, -0.009877760863345096]
[0.02277659725518, -0.019112071532595944, -0.024102240207463987]
[0.02126235627440638, -0.017687915722497276, -0.030109880304022216]
[0.010295590680601647, -0.022272151867267574, 0.026822025508206254]
[0.01350733782185907, -0.027148861074692845, 0.02018196774065903]
[0.012889369327442968, -0.024487841085180782, 0.0036531120319413723]
[0.01393864311054112, -0.02491966111307429, -0.012631511955003297]
[0.013504192120547081, -0.023928150439250485, -0.027556226188640016]
[0.012286950294782167, -0.022143693858231096, -0.03356732554929989]
[0.0017849402953568968, -0.02345345976172175, 0.026822025508206254]
[0.0019722896762601545, -0.02995672875311748, 0.020219012598359308]
[0.002284631890689486, -0.02730218274363836, 0.0038613824425972115]
[0.002784135905454852, -0.024991019511205973, -0.012182925119884808]
[0.002573211014049956, -0.025612370296309746, -0.02731730030821045]
[0.001991495359722976, -0.02367318998864001, -0.03317627724988891]
[-0.007797182742078307, -0.02048045211407784, 0.02682202550820625]
[-0.009224326853233905, -0.026221426263791342, 0.020562675364848546]
[-0.009289789386162569, -0.026773909719725708, 0.005862791102140638]
[-0.007729770312243392, -0.02263943640004342, -0.009033038596657333]
[-0.0076775751461024685, -0.022402923258895986, -0.02304574382715499]
[-0.0076741327472561235, -0.022190406184071965, -0.029033069752664658]
[-0.011387398485898863, -0.01846656936198787, 0.02682202550820625]
[-0.013598672498519584, -0.022558935907781238, 0.02091808084667146]
[-0.014310868007204852, -0.024353670252083723, 0.00745642593010307]
[-0.012200015076821714, -0.02098655255389254, -0.0065597702083287635]
[-0.01160590156531334, -0.02010201117876587, -0.019691053752723026]
[-0.011530550215892443, -0.01997149881315003, -0.02546356583340436]
[0.018013813549966784, -0.010781525739486465, 0.02682202550820625]
[0.022105201472521332, -0.013087440173360426, 0.02119861268869415]
[0.02240104061652321, -0.013111337256538787, 0.0075877391875541905]
[0.024866016229233293, -0.014415764639108552, -0.006316911245293952]
[0.024768299070991665, -0.01429998413600622, -0.019674786051754607]
[0.02340297614385793, -0.013511714576494763, -0.025523807382719067]
[0.01636527148039235, -0.014899560889659368, 0.02682202550820625]
[0.02047077859177577, -0.01831269048997403, 0.020896540839858833]
[0.019508836719690798, -0.016809288397397707, 0.0060707251267788165]
[0.02172606376013788, -0.018408983648324502, -0.00881052102699453]
[0.021474232110556397, -0.017930066431644267, -0.022770150320933102]
[0.020064321479258223, -0.016624473382324197, -0.028675916482660713]
[0.009404680036562071, -0.021324854470831035, 0.026822025508206254]
[0.012639296023261939, -0.02591998592949473, 0.02048663997844869]
[0.011370748081982098, -0.02170166719111117, 0.004376223178366428]
[0.012824097893685438, -0.022581757087708355, -0.011463279543525436]
[0.012717841407033807, -0.022115109682484105, -0.02605779476246546]
[0.01162878019147312, -0.02062636439502693, -0.031987867715504485]
[0.0017476728554009315, -0.02255277458645133, 0.026822025508206254]
[0.0017568128044938283, -0.028849694576662373, 0.020533357470501057]
[0.002017299240206383, -0.024608315357164467, 0.004592900286691816]
[0.0026090747496698204, -0.022047858887965094, -0.011027373863650474]
[0.0025222597235303075, -0.02358466619570296, -0.025853866332255594]
[0.001970898319063233, -0.02176622944322166, -0.03157571164408059]
[-0.0074558914721891325, -0.019585694618579175, 0.02682202550820625]
[-0.008749949168452686, -0.02503689972504993, 0.020831703034774628]
[-0.008578223927493332, -0.02471002220905162, 0.0065220650147371495]
[-0.006820100710172828, -0.01997328307259176, -0.00803972149469004]
[-0.006861697154343429, -0.020064282870895216, -0.0217225600266147]
[-0.0069696978927041055, -0.02023534894441779, -0.02762426263859456]
[-0.010635990562349006, -0.017630305418881095, 0.02682202550820625]
[-0.012768397828516827, -0.021308093503763764, 0.021141496213213287]
[-0.013196534664167902, -0.022530216250848147, 0.008039875736956623]
[-0.010854210158843794, -0.01869109271403623, -0.005673007357378369]
[-0.010340306943789426, -0.017909936992500562, -0.018522158188300362]
[-0.01041378815468419, -0.018037210183172007, -0.024208172642633537]
[0.017378160726981753, -0.010357324176293564, 0.02682202550820625]
[0.021249727545788338, -0.012600310385346628, 0.021312164906359884]
[0.02109364871836669, -0.01236250462488748, 0.007868739785155067]
[0.02385674180236535, -0.013835056587965371, -0.005839356525720639]
[0.024007128024871083, -0.013860521827629153, -0.01907188495171754]
[0.022707655726257898, -0.01311027114622034, -0.02487644637825571]
[0.015745161317064847, -0.014580029755553383, 0.02682202550820625]
[0.019768745224778526, -0.017769400084979157, 0.021033442391211635]
[0.018316551378283825, -0.015783786062063047, 0.0063897795563954895]
[0.02082253865639004, -0.01760180106981008, -0.008276901108819245]
[0.020823049538244594, -0.017339063881168428, -0.022104105377667663]
[0.019465304081684145, -0.01609275221223766, -0.02795893457197996]
[0.008959224714542283, -0.020851205772612763, 0.026822025508206254]
[0.012205275123963374, -0.025305548356895677, 0.020638976097343525]
[0.010611437459251664, -0.020308580244076363, 0.004737778751578955]
[0.012266825285257597, -0.021412805075025385, -0.010879163337786506]
[0.01232466605027717, -0.02120858930410091, -0.025308579049378183]
[0.011299695139818598, -0.01986769966342485, -0.03119813879860678]
[0.0017290391354229488, -0.02210243199881612, 0.026822025508206254]
[0.0016490743686106652, -0.02829617748843482, 0.020690529906571928]
[0.0018836329149648314, -0.023261381663927518, 0.004958659208739118]
[0.0025215441717773047, -0.020576278576344656, -0.010449598235533309]
[0.002496784078270483, -0.02257081414539957, -0.02512214934427817]
[0.001960599798733361, -0.020812749170512485, -0.03077542884117642]
[-0.007285245837244545, -0.01913831587082984, 0.02682202550820625]
[-0.008512760326062076, -0.024444636455679222, 0.020966216869737667]
[-0.008222441198158714, -0.023678078453714575, 0.006851701971035405]
[-0.006365265909137545, -0.01864020640886593, -0.007543062943706394]
[-0.006453758158463909, -0.018894962676894833, -0.021060968126344556]
[-0.006617480465428097, -0.019257820324590703, -0.02691985908155951]
[-0.010260286600574077, -0.01721217344732771, 0.02682202550820625]
[-0.012353260493515449, -0.020682672301755026, 0.0212532038964842]
[-0.012639367992649428, -0.021618489250230355, 0.008331600640383397]
[-0.010181307699854833, -0.017543362794108074, -0.005229625931903173]
[-0.009707509633027467, -0.016813899899367907, -0.01793771040608903]
[-0.009855407124080062, -0.017070065868182997, -0.023580476047248125]
[0.028270219067058164, -0.01632181858841572, -0.030055334413962565]
[0.024257443262276773, -0.020346521572929963, -0.03369478985742597]
[0.013932375553054781, -0.0259370175162415, -0.03751597013378841]
[0.0020429879613723346, -0.028440591352185882, -0.037177691264409736]
[-0.009435219883636166, -0.0270780492832074, -0.03255508753783991]
[-0.014322455368913077, -0.024807220388095085, -0.028602048810331418]
[0.03015522467124272, -0.010876597968317747, -0.03389027767385025]
[0.025883740254662637, -0.014829127542764664, -0.040740931935748216]
[0.013302369824943412, -0.021015846406984787, -0.048560086743306106]
[-0.0012190215325091091, -0.02463665830969369, -0.04881278361792334]
[-0.013579198431719891, -0.024050094273752758, -0.04021738325153878]
[-0.01836829084548284, -0.021695571822869367, -0.03237198715533096]
[0.029314151970389606, 0.001036786457672907, -0.037477728634634014]
[0.023722485554273427, -0.001431553551297967, -0.04728249169866566]
[0.011509148422876684, -0.007936185818348741, -0.06408304908263238]
[-0.00832273150610749, -0.014298132200889681, -0.0666417569323951]
[-0.02134367253715402, -0.014573266896818649, -0.05001441020995039]
[-0.024588348027744535, -0.012966130894094338, -0.036717394528451165]
[0.025535628046917194, 0.012471399934156668, -0.03712374607858378]
[0.019705719716894655, 0.01152380676080065, -0.0468526949064532]
[0.006697775867865146, 0.011601472764699496, -0.06525904020158108]
[-0.013999678831099722, 0.006723978988261452, -0.06652434130813056]
[-0.025138894584938173, 0.0010033089600493131, -0.049652465869664965]
[-0.027156551414347422, -0.0015509787607919357, -0.03647435444262836]
[0.019118572243381936, 0.022403807773685357, -0.03283957590805581]
[0.013605784982050218, 0.02290518766940783, -0.03911046064619519]
[0.000853518112592395, 0.02295906248448526, -0.0473795186744541]
[-0.012879509624215957, 0.019271972477091545, -0.04772987240845653]
[-0.02265453294345042, 0.013186650508239499, -0.039413423835548134]
[-0.02561542080523155, 0.009155587939356877, -0.03186683543640315]
[0.015034459781384362, 0.026040448205708593, -0.029119586470458935]
[0.009966627431631677, 0.027121236330230163, -0.032506553779900714]
[-0.001016116455870463, 0.02738279445051858, -0.036515844124392335]
[-0.012317943389444436, 0.02440181119146361, -0.0365389211782168]
[-0.021174623960510452, 0.018090252970580423, -0.032164753614258385]
[-0.024067539155182397, 0.013895400209976377, -0.028291633419878504]
[0.02757489864945813, -0.0159203751581413, -0.02940797340949921]
[0.023658425864702695, -0.019814800402843426, -0.03297780794674522]
[0.013603290501400259, -0.02517835278463942, -0.0367262412168907]
[0.002032689441042463, -0.027487111079476708, -0.03637740846150557]
[-0.009083002456360158, -0.02610052066338031, -0.03185068398080486]
[-0.01376407433830895, -0.023840076073106075, -0.027974352214946006]
[0.029508612931783085, -0.010595726865677762, -0.033195100997155794]
[0.025331775266579218, -0.014435452092536771, -0.039972650338368027]
[0.013111418821957113, -0.020512916615248962, -0.04775546622497084]
[-0.0011345082525328408, -0.023787101876303358, -0.04787661862324202]
[-0.013194536897347724, -0.023367416419198976, -0.039448114747523286]
[-0.017704660204184333, -0.020896671057274736, -0.03167942572566516]
[0.028648269392135134, 0.00101963541671768, -0.036738152714221824]
[0.023345131399716043, -0.0014159544929940252, -0.046574829487917184]
[0.011368277052378287, -0.0077876745104428526, -0.06300998833896082]
[-0.00814270695798086, -0.014183366712103644, -0.06560502210287485]
[-0.02070233083481347, -0.014167294926949622, -0.0490272050441892]
[-0.023775965607098097, -0.0125085361672074, -0.03594890310906516]
[0.024867494983402304, 0.01208513034208678, -0.03637678529003667]
[0.019245732029418407, 0.011145896951936747, -0.04608507716813403]
[0.0066899327598958285, 0.01132607410258833, -0.064176997311612]
[-0.01401487723441982, 0.006762539253284391, -0.06578485432069264]
[-0.02441775184920337, 0.000970579100464163, -0.04868605384280008]
[-0.026264518475609018, -0.0014676275815150416, -0.0357252035200445]
[0.018599114459664823, 0.02175108360870605, -0.03217055132705611]
[0.013236368327666944, 0.02220504860531608, -0.03838579132003653]
[0.0008643263274919029, 0.022155488068081125, -0.046496393334261116]
[-0.01237483634017629, 0.018590869770009816, -0.046813900480534756]
[-0.021947911696227215, 0.012796474408551735, -0.03866158743632172]
[-0.024762038943170684, 0.008863303593016117, -0.031230804519662016]
[0.014608834752022178, 0.02530324402988029, -0.028515493188102075]
[0.009691423671238809, 0.02633995201425603, -0.031852710696216785]
[-0.0009615131964262982, 0.026530969419663146, -0.03577744697893612]
[-0.011889098471064827, 0.02360712171196776, -0.03578748383487935]
[-0.020487634273569578, 0.017511809141899915, -0.03151529498217753]
[-0.023273418512180948, 0.013436914442970455, -0.027721258706571605]
[0.026184257814258063, -0.015117488297592453, -0.028113251400572494]
[0.02246039106955454, -0.01875135806267035, -0.03154384412538372]
[0.012945120398091212, -0.023661023321435257, -0.03514678338309529]
[0.002012092400382719, -0.02558015053405836, -0.034776842855697244]
[-0.00837856760180814, -0.024145463423726136, -0.03044187686673476]
[-0.012647312277100696, -0.02190578744312805, -0.026718959024175183]
[0.02821538945286382, -0.010033984660397788, -0.03180474764376689]
[0.024227845290412383, -0.013648101192080986, -0.03843608714360764]
[0.01272951681598452, -0.019507057031777315, -0.046146225188300305]
[-0.0009654816925803042, -0.02208798900952269, -0.04600428863387939]
[-0.012425213828603386, -0.022002060710091406, -0.03790957773949231]
[-0.01637739892158732, -0.019298869526085477, -0.03029430286633355]
[0.027316504235626187, 0.0009853333348072257, -0.03525900087339744]
[0.022590423090601275, -0.0013847563763861419, -0.04515950506642022]
[0.011086534311381494, -0.007490651894631073, -0.060863866851617696]
[-0.007782657861727601, -0.01395383573453157, -0.06353155244383434]
[-0.01941964743013237, -0.013355350987211568, -0.047052794712666816]
[-0.02215120076580522, -0.011593346713433523, -0.03441192027029314]
[0.023531228856372523, 0.011312591157947005, -0.03488286371294244]
[0.01832575665446591, 0.010390077334208945, -0.0445498416914957]
[0.006674246543957194, 0.010775276778366, -0.06201291153167386]
[-0.014045274041060016, 0.00683965978333027, -0.0643058803458168]
[-0.022975466377733757, 0.0009051193812938627, -0.046753229789070316]
[-0.024480452598132207, -0.0013009252229612537, -0.03422690167487678]
[0.017560198892230598, 0.020445635278747428, -0.030832502165056726]
[0.012497535018900396, 0.020804770477132584, -0.03693645266771921]
[0.0008859427572909184, 0.02054833923527285, -0.044730142653875156]
[-0.011365489772096959, 0.01722866435584636, -0.044981956624691205]
[-0.02053466920178081, 0.012016122209176205, -0.03715791463786888]
[-0.02305527521904895, 0.008278734900334598, -0.02995874268617975]
[0.013757584693297813, 0.023828835678223685, -0.027307306623388358]
[0.009141016150453074, 0.024777383382307765, -0.03054502452884892]
[-0.0008523066775379684, 0.024827319357952276, -0.03430065268802368]
[-0.011031408634305608, 0.02201774275297606, -0.034284609148204456]
[-0.019113654899687832, 0.0163549214845389, -0.03021637771801583]
[-0.021685177226178052, 0.01251994290895861, -0.02658050927995781]
[0.024793616979058, -0.014314601437043608, -0.026818529391645782]
[0.02126235627440638, -0.017687915722497272, -0.030109880304022212]
[0.012286950294782167, -0.022143693858231096, -0.033567325549299885]
[0.001991495359722976, -0.023673189988640007, -0.03317627724988891]
[-0.0076741327472561235, -0.022190406184071962, -0.029033069752664658]
[-0.011530550215892443, -0.01997149881315003, -0.02546356583340436]
[0.026922165973944555, -0.009472242455117817, -0.03041439429037798]
[0.023123915314245548, -0.0128607502916252, -0.03689952394884726]
[0.012347614810011922, -0.018501197448305664, -0.044536984151629766]
[-0.0007964551326277677, -0.020388876142742027, -0.04413195864451676]
[-0.011655890759859051, -0.020636705000983843, -0.03637104073146132]
[-0.015050137638990312, -0.01770106799489622, -0.028909180007001937]
[0.02598473907911724, 0.0009510312528967716, -0.03377984903257307]
[0.02183571478148651, -0.0013535582597782585, -0.04374418064492326]
[0.0108047915703847, -0.007193629278819296, -0.05871774536427457]
[-0.007422608765474341, -0.013724304756959498, -0.06145808278479382]
[-0.01813696402545127, -0.012543407047473514, -0.045078384381144435]
[-0.020526435924512344, -0.010678157259659645, -0.03287493743152112]
[0.02219496272934274, 0.010540051973807231, -0.033388942135848226]
[0.017405781279513415, 0.00963425771648114, -0.04301460621485737]
[0.006658560328018561, 0.01022447945414367, -0.05984882575173571]
[-0.014075670847700212, 0.00691678031337615, -0.06282690637094096]
[-0.02153318090626415, 0.0008396596621235624, -0.04482040573534055]
[-0.0226963867206554, -0.0011342228644074656, -0.03272859982970905]
[0.01652128332479637, 0.019140186948788808, -0.02949445300305734]
[0.011758701710133847, 0.01940449234894908, -0.035487114015401895]
[0.0009075591870899341, 0.01894119040246458, -0.042963891973489196]
[-0.010356143204017624, 0.015866458941682902, -0.04315001276884766]
[-0.019121426707334403, 0.011235770009800675, -0.03565424183941605]
[-0.021348511494927218, 0.007694166207653078, -0.028686680852697474]
[0.012906334634573446, 0.02235442732656708, -0.026099120058674638]
[0.008590608629667339, 0.023214814750359504, -0.029237338361481062]
[-0.0007431001586496388, 0.023123669296241406, -0.032823858397111244]
[-0.010173718797546388, 0.02042836379398436, -0.032781734461529564]
[-0.017739675525806086, 0.015198033827177887, -0.028917460453854127]
[-0.020096935940175153, 0.011602971374946766, -0.025439759853344013]
[0.02340297614385793, -0.013511714576494763, -0.025523807382719067]
[0.020064321479258223, -0.016624473382324197, -0.02867591648266071]
[0.01162878019147312, -0.020626364395026933, -0.03198786771550448]
[0.0019708983190632324, -0.02176622944322166, -0.03157571164408058]
[-0.0069696978927041055, -0.02023534894441779, -0.02762426263859456]
[-0.01041378815468419, -0.018037210183172007, -0.024208172642633537]
[0.025628942495025286, -0.008910500249837843, -0.02902404093698907]
[0.022019985338078713, -0.012073399391169415, -0.035362960754086875]
[0.011965712804039328, -0.017495337864834017, -0.042927743114959234]
[-0.0006274285726752311, -0.01868976327596136, -0.042259628655154126]
[-0.010886567691114714, -0.019271349291876273, -0.034832503723430344]
[-0.013722876356393302, -0.01610326646370696, -0.02752405714767033]
[0.024652973922608297, 0.0009167291709863174, -0.03230069719174869]
[0.021081006472371742, -0.0013223601431703751, -0.042328856223426296]
[0.010523048829387907, -0.0068966066630075165, -0.05657162387693145]
[-0.007062559669221081, -0.013494773779387424, -0.059384613125753306]
[-0.01685428062077017, -0.011731463107735459, -0.04310397404962205]
[-0.01890167108321947, -0.009762967805885769, -0.0313379545927491]
[0.02085869660231296, 0.009767512789667455, -0.031895020558754]
[0.01648580590456092, 0.008878438098753338, -0.04147937073821904]
[0.006642874112079927, 0.00967368212992134, -0.05768473997179757]
[-0.014106067654340408, 0.006993900843422028, -0.06134793239606511]
[-0.020090895434794538, 0.0007741999429532622, -0.04288758168161079]
[-0.020912320843178588, -0.0009675205058536774, -0.031230297984541328]
[0.015482367757362147, 0.01783473861883019, -0.028156403841057952]
[0.0110198684013673, 0.018004214220765584, -0.034037775363084576]
[0.0009291756168889496, 0.017334041569656303, -0.041197641293103236]
[-0.009346796635938293, 0.014504253527519446, -0.04131806891300411]
[-0.017708184212887994, 0.010455417810425145, -0.03415056904096321]
[-0.019641747770805483, 0.007109597514971559, -0.027414619019215207]
[0.01205508457584908, 0.020880018974910472, -0.02489093349396092]
[0.008040201108881604, 0.02165224611841124, -0.027929652194113197]
[-0.000633893639761309, 0.02142001923453054, -0.03134706410619881]
[-0.009316028960787169, 0.018838984834992658, -0.031278859774854666]
[-0.01636569615192434, 0.014041146169816873, -0.027618543189692424]
[-0.018508694654172257, 0.010685999840934922, -0.024299010426730216]
[0.022707655726257898, -0.01311027114622034, -0.02487644637825571]
[0.019465304081684145, -0.01609275221223766, -0.027958934571979958]
[0.011299695139818598, -0.019867699663424852, -0.03119813879860677]
[0.0019605997987333606, -0.020812749170512485, -0.030775428841176417]
[-0.006617480465428097, -0.019257820324590703, -0.02691985908155951]
[-0.009855407124080062, -0.017070065868182997, -0.023580476047248125]
[0.024982330755565656, -0.008629629147197858, -0.028328864260294618]
[0.021468020349995294, -0.011679723940941522, -0.034594679156706686]
[0.01177476180105303, -0.01699240807309819, -0.042123122596623964]
[-0.0005429152926989628, -0.017840206842571028, -0.041323463660472806]
[-0.010501906156742546, -0.018588671437322492, -0.03406323521941485]
[-0.013059245715094796, -0.01530436569811233, -0.026831495718004524]
[0.023987091344353822, 0.0008995781300310903, -0.0315611212713365]
[0.020703652317814358, -0.0013067610848664334, -0.04162119401267782]
[0.01038217745888951, -0.006748095355101628, -0.05549856313325989]
[-0.006882535121094451, -0.013380008290601387, -0.05834787829623305]
[-0.01621293891842962, -0.011325491137866432, -0.04211676888386086]
[-0.018089288662573033, -0.00930537307899883, -0.030569463173363093]
[0.02019056353879807, 0.009381243197597568, -0.03114805977020689]
[0.01602581821708467, 0.008500528289889436, -0.040711752999899875]
[0.00663503100411061, 0.009398283467810175, -0.056602697081828496]
[-0.014121266057660507, 0.007032461108444968, -0.06060844540862719]
[-0.019369752699059734, 0.000741470083368112, -0.041921169654745905]
[-0.020020287904440184, -0.0008841693265767834, -0.030481147061957467]
[0.014962909973645034, 0.01718201445385088, -0.02748737926005826]
[0.010650451746984025, 0.017304075156673832, -0.033313106036925916]
[0.0009399838317884575, 0.016530467153252168, -0.04031451595291025]
[-0.008842123351898625, 0.013823150820437717, -0.040402096985082334]
[-0.017001562965664792, 0.010065241710737381, -0.033398732641736796]
[-0.018788365908744616, 0.006817313168630799, -0.02677858810247407]
[0.011629459546486897, 0.02014281479908217, -0.02428684021160406]
[0.007764997348488736, 0.020870961802437107, -0.027275809110429268]
[-0.0005792903803171442, 0.020568194203675103, -0.03060866696074259]
[-0.00888718404240756, 0.018044295355496807, -0.03052742243151722]
[-0.015678706464983466, 0.013462702341136366, -0.026969084557611572]
[-0.017714574011170808, 0.010227514073929, -0.02372863571342332]

Weights
1.0
0.9682447489960234
0.9364894979920468
0.9364894979920468
0.9682447489960234
1.0
0.9267766952966369
0.8950917024128242
0.8662584946876826
0.8719620650050243
0.9122024133648495
0.9495909765660039
0.8535533905932737
0.8219386558296251
0.7960274913833183
0.8074346320180017
0.8561600777336756
0.8991819531320078
0.8535533905932737
0.8219386558296251
0.7960274913833183
0.8074346320180017
0.8561600777336756
0.8991819531320078
0.9267766952966369
0.8950917024128242
0.8662584946876826
0.8719620650050243
0.9122024133648495
0.9495909765660039
1.0
0.9682447489960234
0.9364894979920468
0.9364894979920468
0.9682447489960234
1.0
1.0
0.9679280294421974
0.9358560588843947
0.9358560588843947
0.9679280294421974
1.0
0.9267766952966369
0.894760138397093
0.8655514508444762
0.8711671895383298
0.9116073544786542
0.9492396500720516
0.8535533905932737
0.8215922473519888
0.7952468428045576
0.8064783201922648
0.855286679515111
0.8984793001441033
0.8535533905932737
0.8215922473519888
0.7952468428045576
0.8064783201922648
0.855286679515111
0.8984793001441033
0.9267766952966369
0.894760138397093
0.8655514508444762
0.8711671895383298
0.9116073544786542
0.9492396500720516
1.0
0.9679280294421974
0.9358560588843947
0.9358560588843947
0.9679280294421974
1.0
1.0
0.9672945903345453
0.9345891806690907
0.9345891806690907
0.9672945903345453
1.0
0.9267766952966369
0.8940970103656307
0.8641373631580634
0.869577438604941
0.9104172367062634
0.9485369970841471
0.8535533905932737
0.8208994303967162
0.7936855456470362
0.8045656965407912
0.8535398830779815
0.8970739941682941
0.8535533905932737
0.8208994303967162
0.7936855456470362
0.8045656965407912
0.8535398830779815
0.8970739941682941
0.9267766952966369
0.8940970103656307
0.8641373631580634
0.869577438604941
0.9104172367062634
0.9485369970841471
1.0
0.9672945903345453
0.9345891806690907
0.9345891806690907
0.9672945903345453
1.0
1.0
0.9666611512268932
0.9333223024537864
0.9333223024537864
0.9666611512268932
1.0
0.9267766952966369
0.8934338823341683
0.8627232754716506
0.867987687671552
0.9092271189338726
0.9478343440962426
0.8535533905932737
0.8202066134414435
0.7921242484895148
0.8026530728893175
0.8517930866408521
0.8956686881924851
0.8535533905932737
0.8202066134414435
0.7921242484895148
0.8026530728893175
0.8517930866408521
0.8956686881924851
0.9267766952966369
0.8934338823341683
0.8627232754716506
0.867987687671552
0.9092271189338726
0.9478343440962426
1.0
0.9666611512268932
0.9333223024537864
0.9333223024537864
0.9666611512268932
1.0
1.0
0.9660277121192412
0.9320554242384824
0.9320554242384824
0.9660277121192412
1.0
0.9267766952966369
0.892770754302706
0.8613091877852379
0.8663979367381631
0.9080370011614819
0.9471316911083381
0.8535533905932737
0.819513796486171
0.7905629513319934
0.8007404492378439
0.8500462902037226
0.894263382216676
0.8535533905932737
0.819513796486171
0.7905629513319934
0.8007404492378439
0.8500462902037226
0.894263382216676
0.9267766952966369
0.892770754302706
0.8613091877852379
0.8663979367381631
0.9080370011614819
0.9471316911083381
1.0
0.9660277121192412
0.9320554242384824
0.9320554242384824
0.9660277121192412
1.0
1.0
0.9657109925654151
0.9314219851308303
0.9314219851308303
0.9657109925654151
1.0
0.9267766952966369
0.8924391902869748
0.8606021439420315
0.8656030612714687
0.9074419422752865
0.9467803646143857
0.8535533905932737
0.8191673880085346
0.7897823027532327
0.7997841374121071
0.8491728919851579
0.8935607292287715
0.8535533905932737
0.8191673880085346
0.7897823027532327
0.7997841374121071
0.8491728919851579
0.8935607292287715
0.9267766952966369
0.8924391902869748
0.8606021439420315
0.8656030612714687
0.9074419422752865
0.9467803646143857
1.0
0.9657109925654151
0.9314219851308303
0.9314219851308303
0.9657109925654151
1.0
1.0
0.9682447489960234
0.9364894979920468
0.9364894979920468
0.9682447489960234
1.0
0.9267766952966369
0.8950917024128231
0.8662584946876801
0.8719620650050217
0.9122024133648479
0.9495909765660032
0.8535533905932737
0.8219386558296229
0.7960274913833135
0.8074346320179966
0.8561600777336723
0.8991819531320064
0.8535533905932737
0.8219386558296229
0.7960274913833135
0.8074346320179966
0.8561600777336723
0.8991819531320064
0.9267766952966369
0.8950917024128231
0.8662584946876801
0.8719620650050217
0.9122024133648479
0.9495909765660032
1.0
0.9682447489960234
0.9364894979920468
0.9364894979920468
0.9682447489960234
1.0
1.0
0.9679280294421974
0.9358560588843947
0.9358560588843947
0.9679280294421974
1.0
0.9267766952966369
0.8947601383970922
0.8655514508444743
0.8711671895383278
0.9116073544786528
0.949239650072051
0.8535533905932737
0.8215922473519871
0.7952468428045538
0.8064783201922608
0.8552866795151082
0.898479300144102
0.8535533905932737
0.8215922473519871
0.7952468428045538
0.8064783201922608
0.8552866795151082
0.898479300144102
0.9267766952966369
0.8947601383970922
0.8655514508444743
0.8711671895383278
0.9116073544786528
0.949239650072051
1.0
0.9679280294421974
0.9358560588843947
0.9358560588843947
0.9679280294421974
1.0
1.0
0.9672945903345453
0.9345891806690907
0.9345891806690907
0.9672945903345453
1.0
0.9267766952966369
0.8940970103656303
0.8641373631580626
0.86957743860494
0.9104172367062626
0.9485369970841466
0.8535533905932737
0.8208994303967154
0.7936855456470345
0.8045656965407894
0.8535398830779799
0.8970739941682931
0.8535533905932737
0.8208994303967154
0.7936855456470345
0.8045656965407894
0.8535398830779799
0.8970739941682931
0.9267766952966369
0.8940970103656303
0.8641373631580626
0.86957743860494
0.9104172367062626
0.9485369970841466
1.0
0.9672945903345453
0.9345891806690907
0.9345891806690907
0.9672945903345453
1.0
1.0
0.9666611512268932
0.9333223024537864
0.9333223024537864
0.9666611512268932
1.0
0.9267766952966369
0.8934338823341685
0.8627232754716508
0.8679876876715522
0.9092271189338725
0.9478343440962421
0.8535533905932737
0.8202066134414439
0.7921242484895151
0.8026530728893178
0.8517930866408517
0.8956686881924844
0.8535533905932737
0.8202066134414439
0.7921242484895151
0.8026530728893178
0.8517930866408517
0.8956686881924844
0.9267766952966369
0.8934338823341685
0.8627232754716508
0.8679876876715522
0.9092271189338725
0.9478343440962421
1.0
0.9666611512268932
0.9333223024537864
0.9333223024537864
0.9666611512268932
1.0
1.0
0.9660277121192412
0.9320554242384824
0.9320554242384824
0.9660277121192412
1.0
0.9267766952966369
0.8927707543027066
0.8613091877852391
0.8663979367381643
0.9080370011614823
0.9471316911083377
0.8535533905932737
0.8195137964861722
0.7905629513319958
0.8007404492378463
0.8500462902037235
0.8942633822166755
0.8535533905932737
0.8195137964861722
0.7905629513319958
0.8007404492378463
0.8500462902037235
0.8942633822166755
0.9267766952966369
0.8927707543027066
0.8613091877852391
0.8663979367381643
0.9080370011614823
0.9471316911083377
1.0
0.9660277121192412
0.9320554242384824
0.9320554242384824
0.9660277121192412
1.0
1.0
0.9657109925654151
0.9314219851308303
0.9314219851308303
0.9657109925654151
1.0
0.9267766952966369
0.8924391902869757
0.8606021439420333
0.8656030612714705
0.9074419422752873
0.9467803646143855
0.8535533905932737
0.8191673880085364
0.7897823027532361
0.7997841374121105
0.8491728919851593
0.8935607292287711
0.8535533905932737
0.8191673880085364
0.7897823027532361
0.7997841374121105
0.8491728919851593
0.8935607292287711
0.9267766952966369
0.8924391902869757
0.8606021439420333
0.8656030612714705
0.9074419422752873
0.9467803646143855
1.0
0.9657109925654151
0.9314219851308303
0.9314219851308303
0.9657109925654151
1.0
1.0
0.9682447489960234
0.9364894979920468
0.9364894979920468
0.9682447489960234
1.0
0.9267766952966369
0.8950917024128238
0.8662584946876816
0.8719620650050233
0.9122024133648488
0.9495909765660036
0.8535533905932737
0.8219386558296242
0.7960274913833163
0.8074346320179996
0.8561600777336742
0.8991819531320071
0.8535533905932737
0.8219386558296242
0.7960274913833163
0.8074346320179996
0.8561600777336742
0.8991819531320071
0.9267766952966369
0.8950917024128238
0.8662584946876816
0.8719620650050233
0.9122024133648488
0.9495909765660036
1.0
0.9682447489960234
0.9364894979920468
0.9364894979920468
0.9682447489960234
1.0
1.0
0.9679280294421974
0.9358560588843947
0.9358560588843947
0.9679280294421974
1.0
0.9267766952966369
0.8947601383970928
0.8655514508444756
0.8711671895383293
0.9116073544786537
0.9492396500720515
0.8535533905932737
0.8215922473519883
0.7952468428045565
0.8064783201922637
0.8552866795151102
0.8984793001441029
0.8535533905932737
0.8215922473519883
0.7952468428045565
0.8064783201922637
0.8552866795151102
0.8984793001441029
0.9267766952966369
0.8947601383970928
0.8655514508444756
0.8711671895383293
0.9116073544786537
0.9492396500720515
1.0
0.9679280294421974
0.9358560588843947
0.9358560588843947
0.9679280294421974
1.0
1.0
0.9672945903345453
0.9345891806690907
0.9345891806690907
0.9672945903345453
1.0
0.9267766952966369
0.8940970103656308
0.8641373631580637
0.8695774386049413
0.9104172367062637
0.9485369970841473
0.8535533905932737
0.8208994303967164
0.7936855456470366
0.8045656965407919
0.8535398830779821
0.8970739941682947
0.8535533905932737
0.8208994303967164
0.7936855456470366
0.8045656965407919
0.8535398830779821
0.8970739941682947
0.9267766952966369
0.8940970103656308
0.8641373631580637
0.8695774386049413
0.9104172367062637
0.9485369970841473
1.0
0.9672945903345453
0.9345891806690907
0.9345891806690907
0.9672945903345453
1.0
1.0
0.9666611512268932
0.9333223024537864
0.9333223024537864
0.9666611512268932
1.0
0.9267766952966369
0.8934338823341689
0.8627232754716517
0.8679876876715533
0.9092271189338736
0.9478343440962432
0.8535533905932737
0.8202066134414446
0.792124248489517
0.8026530728893201
0.8517930866408541
0.8956686881924864
0.8535533905932737
0.8202066134414446
0.792124248489517
0.8026530728893201
0.8517930866408541
0.8956686881924864
0.9267766952966369
0.8934338823341689
0.8627232754716517
0.8679876876715533
0.9092271189338736
0.9478343440962432
1.0
0.9666611512268932
0.9333223024537864
0.9333223024537864
0.9666611512268932
1.0
1.0
0.9660277121192412
0.9320554242384824
0.9320554242384824
0.9660277121192412
1.0
0.9267766952966369
0.8927707543027069
0.8613091877852398
0.8663979367381653
0.9080370011614837
0.9471316911083391
0.8535533905932737
0.8195137964861727
0.7905629513319972
0.8007404492378483
0.850046290203726
0.8942633822166781
0.8535533905932737
0.8195137964861727
0.7905629513319972
0.8007404492378483
0.850046290203726
0.8942633822166781
0.9267766952966369
0.8927707543027069
0.8613091877852398
0.8663979367381653
0.9080370011614837
0.9471316911083391
1.0
0.9660277121192412
0.9320554242384824
0.9320554242384824
0.9660277121192412
1.0
1.0
0.9657109925654151
0.9314219851308303
0.9314219851308303
0.9657109925654151
1.0
0.9267766952966369
0.8924391902869759
0.8606021439420338
0.8656030612714714
0.9074419422752886
0.946780364614387
0.8535533905932737
0.8191673880085368
0.7897823027532374
0.7997841374121124
0.849172891985162
0.8935607292287739
0.8535533905932737
0.8191673880085368
0.7897823027532374
0.7997841374121124
0.849172891985162
0.8935607292287739
0.9267766952966369
0.8924391902869759
0.8606021439420338
0.8656030612714714
0.9074419422752886
0.946780364614387
1.0
0.9657109925654151
0.9314219851308303
0.9314219851308303
0.9657109925654151
1.0
1.0
0.9682447489960234
0.9364894979920468
0.9364894979920468
0.9682447489960234
1.0
0.9267766952966369
0.8950917024128249
0.8662584946876837
0.8719620650050254
0.9122024133648501
0.949590976566004
0.8535533905932737
0.8219386558296262
0.7960274913833204
0.8074346320180039
0.8561600777336769
0.899181953132008
0.8535533905932737
0.8219386558296262
0.7960274913833204
0.8074346320180039
0.8561600777336769
0.899181953132008
0.9267766952966369
0.8950917024128249
0.8662584946876837
0.8719620650050254
0.9122024133648501
0.949590976566004
1.0
0.9682447489960234
0.9364894979920468
0.9364894979920468
0.9682447489960234
1.0
1.0
0.9679280294421974
0.9358560588843947
0.9358560588843947
0.9679280294421974
1.0
0.9267766952966369
0.8947601383970937
0.8655514508444772
0.8711671895383308
0.9116073544786547
0.9492396500720519
0.8535533905932737
0.8215922473519898
0.7952468428045595
0.806478320192267
0.8552866795151122
0.8984793001441037
0.8535533905932737
0.8215922473519898
0.7952468428045595
0.806478320192267
0.8552866795151122
0.8984793001441037
0.9267766952966369
0.8947601383970937
0.8655514508444772
0.8711671895383308
0.9116073544786547
0.9492396500720519
1.0
0.9679280294421974
0.9358560588843947
0.9358560588843947
0.9679280294421974
1.0
1.0
0.9672945903345453
0.9345891806690907
0.9345891806690907
0.9672945903345453
1.0
0.9267766952966369
0.8940970103656312
0.8641373631580642
0.8695774386049419
0.9104172367062642
0.9485369970841476
0.8535533905932737
0.8208994303967169
0.7936855456470377
0.804565696540793
0.853539883077983
0.8970739941682953
0.8535533905932737
0.8208994303967169
0.7936855456470377
0.804565696540793
0.853539883077983
0.8970739941682953
0.9267766952966369
0.8940970103656312
0.8641373631580642
0.8695774386049419
0.9104172367062642
0.9485369970841476
1.0
0.9672945903345453
0.9345891806690907
0.9345891806690907
0.9672945903345453
1.0
1.0
0.9666611512268932
0.9333223024537864
0.9333223024537864
0.9666611512268932
1.0
0.9267766952966369
0.8934338823341686
0.8627232754716512
0.8679876876715528
0.9092271189338734
0.9478343440962433
0.8535533905932737
0.8202066134414441
0.7921242484895159
0.8026530728893191
0.8517930866408536
0.8956686881924867
0.8535533905932737
0.8202066134414441
0.7921242484895159
0.8026530728893191
0.8517930866408536
0.8956686881924867
0.9267766952966369
0.8934338823341686
0.8627232754716512
0.8679876876715528
0.9092271189338734
0.9478343440962433
1.0
0.9666611512268932
0.9333223024537864
0.9333223024537864
0.9666611512268932
1.0
1.0
0.9660277121192412
0.9320554242384824
0.9320554242384824
0.9660277121192412
1.0
0.9267766952966369
0.8927707543027061
0.8613091877852382
0.8663979367381638
0.9080370011614829
0.9471316911083391
0.8535533905932737
0.8195137964861712
0.7905629513319942
0.8007404492378452
0.8500462902037245
0.8942633822166782
0.8535533905932737
0.8195137964861712
0.7905629513319942
0.8007404492378452
0.8500462902037245
0.8942633822166782
0.9267766952966369
0.8927707543027061
0.8613091877852382
0.8663979367381638
0.9080370011614829
0.9471316911083391
1.0
0.9660277121192412
0.9320554242384824
0.9320554242384824
0.9660277121192412
1.0
1.0
0.9657109925654151
0.9314219851308303
0.9314219851308303
0.9657109925654151
1.0
0.9267766952966369
0.8924391902869749
0.8606021439420317
0.8656030612714692
0.9074419422752875
0.946780364614387
0.8535533905932737
0.8191673880085347
0.7897823027532332
0.7997841374121082
0.8491728919851598
0.8935607292287739
0.8535533905932737
0.8191673880085347
0.7897823027532332
0.7997841374121082
0.8491728919851598
0.8935607292287739
0.9267766952966369
0.8924391902869749
0.8606021439420317
0.8656030612714692
0.9074419422752875
0.946780364614387
1.0
0.9657109925654151
0.9314219851308303
0.9314219851308303
0.9657109925654151
1.0
1.0
0.949590976566004
0.899181953132008
0.899181953132008
0.949590976566004
1.0
0.9495909765660039
0.8857861513790596
0.8219813261921152
0.8219813261921152
0.8857861513790594
0.9495909765660036
0.8991819531320078
0.8219813261921151
0.7447806992522223
0.7447806992522221
0.8219813261921146
0.8991819531320071
0.8991819531320078
0.8219813261921148
0.7447806992522219
0.7447806992522218
0.8219813261921144
0.8991819531320071
0.9495909765660039
0.885786151379059
0.8219813261921141
0.8219813261921141
0.8857861513790588
0.9495909765660036
1.0
0.9495909765660032
0.8991819531320064
0.8991819531320064
0.9495909765660032
1.0
1.0
0.9492396500720519
0.8984793001441037
0.8984793001441037
0.9492396500720519
1.0
0.9492396500720516
0.884796139201367
0.8203526283306823
0.8203526283306825
0.8847961392013669
0.9492396500720515
0.8984793001441033
0.8203526283306821
0.742225956517261
0.7422259565172609
0.8203526283306819
0.8984793001441029
0.8984793001441033
0.8203526283306819
0.7422259565172605
0.7422259565172604
0.8203526283306817
0.8984793001441029
0.9492396500720516
0.8847961392013665
0.8203526283306811
0.8203526283306812
0.8847961392013663
0.9492396500720515
1.0
0.949239650072051
0.898479300144102
0.898479300144102
0.949239650072051
1.0
1.0
0.9485369970841476
0.8970739941682953
0.8970739941682953
0.9485369970841476
1.0
0.9485369970841471
0.8828161148459819
0.8170952326078168
0.8170952326078169
0.8828161148459821
0.9485369970841473
0.8970739941682941
0.8170952326078161
0.7371164710473382
0.7371164710473384
0.8170952326078165
0.8970739941682947
0.8970739941682941
0.8170952326078159
0.7371164710473377
0.7371164710473379
0.8170952326078162
0.8970739941682947
0.9485369970841471
0.8828161148459812
0.8170952326078152
0.8170952326078154
0.8828161148459814
0.9485369970841473
1.0
0.9485369970841466
0.8970739941682931
0.8970739941682931
0.9485369970841466
1.0
1.0
0.9478343440962433
0.8956686881924867
0.8956686881924867
0.9478343440962433
1.0
0.9478343440962426
0.8808360904905969
0.8138378368849511
0.8138378368849514
0.8808360904905973
0.9478343440962432
0.8956686881924851
0.8138378368849501
0.7320069855774155
0.7320069855774157
0.8138378368849511
0.8956686881924864
0.8956686881924851
0.8138378368849499
0.7320069855774148
0.7320069855774152
0.8138378368849509
0.8956686881924864
0.9478343440962426
0.880836090490596
0.8138378368849495
0.8138378368849497
0.8808360904905964
0.9478343440962432
1.0
0.9478343440962421
0.8956686881924844
0.8956686881924844
0.9478343440962421
1.0
1.0
0.9471316911083391
0.8942633822166782
0.8942633822166782
0.9471316911083391
1.0
0.9471316911083381
0.8788560661352117
0.8105804411620856
0.8105804411620858
0.8788560661352125
0.9471316911083391
0.894263382216676
0.8105804411620842
0.7268975001074928
0.7268975001074932
0.8105804411620857
0.8942633822166781
0.894263382216676
0.8105804411620839
0.726897500107492
0.7268975001074927
0.8105804411620855
0.8942633822166781
0.9471316911083381
0.8788560661352107
0.8105804411620836
0.8105804411620838
0.8788560661352115
0.9471316911083391
1.0
0.9471316911083377
0.8942633822166755
0.8942633822166755
0.9471316911083377
1.0
1.0
0.946780364614387
0.8935607292287739
0.8935607292287739
0.946780364614387
1.0
0.9467803646143857
0.8778660539575192
0.8089517433006528
0.8089517433006531
0.87786605395752
0.946780364614387
0.8935607292287715
0.8089517433006512
0.7243427573725314
0.724342757372532
0.808951743300653
0.8935607292287739
0.8935607292287715
0.808951743300651
0.7243427573725306
0.7243427573725313
0.8089517433006528
0.8935607292287739
0.9467803646143857
0.8778660539575182
0.8089517433006507
0.808951743300651
0.877866053957519
0.946780364614387
1.0
0.9467803646143855
0.8935607292287711
0.8935607292287711
0.9467803646143855
1.0

Patch vertices
[0.022463383310862, -0.013750936681836771, 0.02682202550820625]
[0.028270219067058164, -0.01632181858841572, -0.030055334413962565]
[0.01243533921377461, 0.022031864042744223, 0.02682202550820625]
[0.015034459781384362, 0.026040448205708593, -0.029119586470458935]
[-0.02313948574074143, 0.012719830109401406, 0.02682202550820625]
[-0.024067539155182397, 0.013895400209976377, -0.028291633419878504]
[-0.013265918294773507, -0.0205572292197548, 0.02682202550820625]
[-0.014322455368913077, -0.024807220388095085, -0.028602048810331418]
[0.017378160726981753, -0.010357324176293564, 0.02682202550820625]
[0.022707655726257898, -0.01311027114622034, -0.02487644637825571]
[0.008093532271555947, 0.014154049253801114, 0.02682202550820625]
[0.011629459546486897, 0.02014281479908217, -0.02428684021160406]
[-0.015621625035104243, 0.008844579680501645, 0.02682202550820625]
[-0.017714574011170808, 0.010227514073929, -0.02372863571342332]
[-0.010260286600574077, -0.01721217344732771, 0.02682202550820625]
[-0.009855407124080062, -0.017070065868182997, -0.023580476047248125]

Patch connectivity
[0, 1, 2, 3, 8, 9, 10, 11]
[2, 3, 4, 5, 10, 11, 12, 13]
[6, 7, 4, 5, 14, 15, 12, 13]
[0, 1, 6, 7, 8, 9, 14, 15]
[1, 7, 3, 5, 9, 15, 11, 13]

Number of elements per boundary
(0, 1):4
(2, 3):4
(0, 2):4
(1, 3):4
(4, 5):4
(2, 4):4
(3, 5):4
(6, 7):4
(6, 4):4
(7, 5):4
(0, 6):4
(1, 7):4
(8, 9):4
(10, 11):4
(8, 10):4
(9, 11):4
(12, 13):4
(10, 12):4
(11, 13):4
(14, 15):4
(14, 12):4
(15, 13):4
(8, 14):4
(9, 15):4
(0, 8):4
(1, 9):4
(2, 10):4
(3, 11):4
(4, 12):4
(5, 13):4
(6, 14):4
(7, 15):4


Knot values per boundary
(0, 1):[0.0, 0.25, 0.5, 0.75, 1]
(2, 3):[0.0, 0.25, 0.5, 0.75, 1]
(0, 2):[0.0, 0.25, 0.5, 0.75, 1]
(1, 3):[0.0, 0.25, 0.5, 0.75, 1]
(4, 5):[0.0, 0.25, 0.5, 0.75, 1]
(2, 4):[0.0, 0.25, 0.5, 0.75, 1]
(3, 5):[0.0, 0.25, 0.5, 0.75, 1]
(6, 7):[0.0, 0.25, 0.5, 0.75, 1]
(6, 4):[0.0, 0.25, 0.5, 0.75, 1]
(7, 5):[0.0, 0.25, 0.5, 0.75, 1]
(0, 6):[0.0, 0.25, 0.5, 0.75, 1]
(1, 7):[0.0, 0.25, 0.5, 0.75, 1]
(8, 9):[0.0, 0.25, 0.5, 0.75, 1]
(10, 11):[0.0, 0.25, 0.5, 0.75, 1]
(8, 10):[0.0, 0.25, 0.5, 0.75, 1]
(9, 11):[0.0, 0.25, 0.5, 0.75, 1]
(12, 13):[0.0, 0.25, 0.5, 0.75, 1]
(10, 12):[0.0, 0.25, 0.5, 0.75, 1]
(11, 13):[0.0, 0.25, 0.5, 0.75, 1]
(14, 15):[0.0, 0.25, 0.5, 0.75, 1]
(14, 12):[0.0, 0.25, 0.5, 0.75, 1]
(15, 13):[0.0, 0.25, 0.5, 0.75, 1]
(8, 14):[0.0, 0.25, 0.5, 0.75, 1]
(9, 15):[0.0, 0.25, 0.5, 0.75, 1]
(0, 8):[0.0, 0.25, 0.5, 0.75, 1]
(1, 9):[0.0, 0.25, 0.5, 0.75, 1]
(2, 10):[0.0, 0.25, 0.5, 0.75, 1]
(3, 11):[0.0, 0.25, 0.5, 0.75, 1]
(4, 12):[0.0, 0.25, 0.5, 0.75, 1]
(5, 13):[0.0, 0.25, 0.5, 0.75, 1]
(6, 14):[0.0, 0.25, 0.5, 0.75, 1]
(7, 15):[0.0, 0.25, 0.5, 0.75, 1]


Knot multiplicity per boundary
(0, 1):[3, 1, 1, 1, 3]
(2, 3):[3, 1, 1, 1, 3]
(0, 2):[3, 1, 1, 1, 3]
(1, 3):[3, 1, 1, 1, 3]
(4, 5):[3, 1, 1, 1, 3]
(2, 4):[3, 1, 1, 1, 3]
(3, 5):[3, 1, 1, 1, 3]
(6, 7):[3, 1, 1, 1, 3]
(6, 4):[3, 1, 1, 1, 3]
(7, 5):[3, 1, 1, 1, 3]
(0, 6):[3, 1, 1, 1, 3]
(1, 7):[3, 1, 1, 1, 3]
(8, 9):[3, 1, 1, 1, 3]
(10, 11):[3, 1, 1, 1, 3]
(8, 10):[3, 1, 1, 1, 3]
(9, 11):[3, 1, 1, 1, 3]
(12, 13):[3, 1, 1, 1, 3]
(10, 12):[3, 1, 1, 1, 3]
(11, 13):[3, 1, 1, 1, 3]
(14, 15):[3, 1, 1, 1, 3]
(14, 12):[3, 1, 1, 1, 3]
(15, 13):[3, 1, 1, 1, 3]
(8, 14):[3, 1, 1, 1, 3]
(9, 15):[3, 1, 1, 1, 3]
(0, 8):[3, 1, 1, 1, 3]
(1, 9):[3, 1, 1, 1, 3]
(2, 10):[3, 1, 1, 1, 3]
(3, 11):[3, 1, 1, 1, 3]
(4, 12):[3, 1, 1, 1, 3]
(5, 13):[3, 1, 1, 1, 3]
(6, 14):[3, 1, 1, 1, 3]
(7, 15):[3, 1, 1, 1, 3]


Boundary names
epi:patch0-left,patch1-left,patch2-left,patch3-left,patch4-left
endo_l:patch0-right,patch1-right,patch2-right,patch3-right,patch4-right
base_l:patch0-front,patch1-front,patch2-front,patch3-front


